[[0.0, 1.0, 0.0, 0.0, 0.0, 1.0, 0.0, 0.0, 0.0, 1.0], [0.01, 0.9982011198915378, -0.059945519060086404, 0.0010290733194758123, 0.05994651816039657, 0.9982011198915378, -0.0009691273008655708, -0.0009691273008655708, 0.0010290733194758123, 0.9999990008996901], [0.02, 0.992814022946473, -0.1196474321620948, 0.002192673677691404, 0.1196513401814593, 0.9928144363285147, -0.0017469431800124044, -0.001967900815747994, 0.0019967460305234056, 0.9999960701781128], [0.03, 0.9838626720546823, -0.1788918067204921, 0.003458905274633514, 0.1789002680501996, 0.9838644961396005, -0.002312428925758405, -0.002989419506780261, 0.002893911582625387, 0.9999913442859215], [0.04, 0.9713837998680412, -0.23746692970445393, 0.004792770666898758, 0.23748116096637023, 0.9713885297341562, -0.0026499975433085412, -0.0040263556711379505, 0.003712357425480706, 0.9999850033187274], [0.05, 0.9554267518392087, -0.29516404277349173, 0.006157087264866453, 0.29518469919997903, 0.9554362517412635, -0.002749948512749988, -0.005071018457545634, 0.00444485232748941, 0.9999772637713268], [0.06, 0.9360532816670296, -0.3517780574040709, 0.007513468533419557, 0.35180513852343115, 0.9360696228574817, -0.0026087682843545495, -0.006115422217142006, 0.005085222951870051, 0.9999683705591073], [0.07, 0.9133372992047013, -0.40710824909493426, 0.008823344055328803, 0.40714105165866865, 0.9133625755526358, -0.002229267621632329, -0.007151359013155388, 0.0056284188465789906, 0.999958588625325], [0.08, 0.887364571322426, -0.46095893020133416, 0.010048991462280986, 0.4609960530277232, 0.8874007059421564, -0.0016205512097375906, -0.008170474565657731, 0.006070565130555659, 0.9999481944502765], [0.09, 0.8582323766977215, -0.5131401012780741, 0.011154552797301615, 0.5131795030340489, 0.8582809336982543, -0.000797819389694135, -0.00916434686742525, 0.006409002292079028, 0.9999374677629161], [0.1, 0.826049116010149, -0.5634680809880404, 0.012107008156721843, 0.5635071881427047, 0.8261111313801958, 0.0002179936593467613, -0.010124566674878419, 0.006642312653615905, 0.9999266837284911], [0.11, 0.7909338795168083, -0.6117661146477629, 0.012877080463801259, 0.6118019731741833, 0.7910097240597879, 0.0014007366041700934, -0.011042819054345157, 0.006770333199958884, 0.999916105848733], [0.12, 0.7530159744541344, -0.6578649613374646, 0.01344004692503251, 0.6578944224768294, 0.7531052596467344, 0.0027196996717580306, -0.01191096514855151, 0.006794154611254285, 0.9999059797662723], [0.13, 0.7124344151250814, -0.7016034592147494, 0.013776435071534842, 0.7016233869867988, 0.7125359499222017, 0.004140398729374776, -0.012721123321295312, 0.006716106488347251, 0.9998965281143251], [0.14, 0.6693373788668449, -0.7428290682642771, 0.013872584232485188, 0.7428365546066298, 0.6694491820052477, 0.0056254646613214734, -0.013465748839659154, 0.006539728903432577, 0.9998879464990347], [0.15, 0.6238816313355079, -0.7813983892252365, 0.01372105675052105, 0.781390961812584, 0.6240009998349342, 0.007135615082601811, -0.014137711262793368, 0.006269730553058821, 0.9998804006475183], [0.16, 0.5762319246792216, -0.8171776569059065, 0.013320887142116902, 0.8171534649120268, 0.5763555552703192, 0.008630683131209588, -0.014730368724147222, 0.0059119339318895, 0.9998740247023301], [0.17, 0.5265603721962269, -0.8500432055655688, 0.012677661629151063, 0.8500011698880198, 0.526684528598564, 0.010070676437372063, -0.015237638319918917, 0.005473208083092457, 0.99986892059495], [0.18, 0.47504580299101157, -0.8798819035648869, 0.011803424912120455, 0.8798218202614737, 0.47516651859335907, 0.01141683842638888, -0.015654061850274195, 0.0049613896136189006, 0.9998651583892149], [0.19, 0.4218730999609776, -0.9065915541002435, 0.01071641560505738, 0.9065141428456392, 0.4219864027647228, 0.012632683900310597, -0.015974866201349615, 0.004385192788745057, 0.9998627774520135], [0.2, 0.3672325241835375, -0.9300812585835007, 0.009440636287823176, 0.929988151640809, 0.36733466905881734, 0.013684981372326375, -0.016196017704957266, 0.0037541096388617173, 0.999861788284421], [0.21, 0.31131902845121234, -0.9502717391356568, 0.008005268533154725, 0.9501654104011772, 0.31140672096520444, 0.014544655886680738, -0.016314269868921413, 0.0030783011213779358, 0.9998621748325367], [0.22, 0.2543315623457491, -0.9670956167496919, 0.006443947416239102, 0.9669792545895065, 0.2544021587246192, 0.015187588017064216, -0.016327203933702107, 0.0023684804805253435, 0.9998638970939597], [0.23, 0.1964723708792701, -0.9804976419510332, 0.004793913802064132, 0.9803749735142484, 0.19652404005469476, 0.01559528734961347, -0.016233261779900393, 0.0016357900366061684, 0.9998668938428459], [0.24, 0.13794628838900608, -0.9904348752371266, 0.0030950660276046187, 0.9903099534212354, 0.1379781244755544, 0.015755421956891134, -0.016031770785798642, 0.0008916727126769934, 0.9998710853131245], [0.25, 0.07896002907852112, -0.9968768151915672, 0.0013889353611739423, 0.9967537821984411, 0.07897210587611553, 0.01566218907415503, -0.015722960313569533, 0.00014773966975070892, 0.999876375704501], [0.26, 0.019721475375099273, -0.9998054729125601, -0.0002823882463515266, 0.9996883161646792, 0.019714838375925914, 0.015316516302334746, -0.01530796958639264, -0.0005843645295886555, 0.9998826554077428], [0.27, -0.0395610348624994, -0.9992153922300542, -0.0018773521637689555, 0.9991077091739256, -0.03958443922404031, 0.014726087075274938, -0.014788846805563614, -0.0012930977754827587, 0.9998898028824498], [0.28, -0.09867942128860091, -0.9951136160638231, -0.0033560301739367065, 0.9950184040027193, -0.09871687506397403, 0.013905188725237844, -0.014168539445812775, -0.0019671558111402226, 0.9998976861599325], [0.29, -0.15742657310510266, -0.9875196001453356, -0.004681176046697585, 0.9874390857271861, -0.1574747667400086, 0.012874386138326057, -0.013450875757459017, -0.0025956057050905597, 0.9999061639835916], [0.3, -0.21559705896071651, -0.9764650761386605, -0.005819213779274473, 0.9764005965672115, -0.2156523098799436, 0.011660028586494765, -0.012640537594676307, -0.003168015934989581, 0.9999150866370368], [0.31, -0.2729878332411272, -0.9619938669023163, -0.006741138230519215, 0.9619458115046575, -0.27304632847194454, 0.010293601732956808, -0.011743024779004636, -0.003674581652294885, 0.9999242965438534], [0.32, -0.32939893696017186, -0.9441616571940017, -0.0074233021079288235, 0.9441294738928399, -0.3294569833028359, 0.008810940915961503, -0.010764611295276458, -0.004106243742369847, 0.9999336287504237], [0.33, -0.3846341911027249, -0.9230357235022334, -0.007848068135577634, 0.9230179902828498, -0.3846884556267667, 0.007251325513440179, -0.00971229370237746, -0.0044548003548191255, 0.9999429114228657], [0.34, -0.4385018798951028, -0.8986946268735042, -0.008004308661865108, 0.8986891838088095, -0.4385496040001641, 0.005656477380451771, -0.008593732222799544, -0.004713009653373108, 0.9999519664996367], [0.35000000000000003, -0.49081542111829946, -0.8712278725844398, -0.00788773886850558, 0.8712320057013356, -0.4908545930327237, 0.004069488949157839, -0.007417185051929375, -0.004874682622539329, 0.9999606106418568], [0.36, -0.5413940202630037, -0.8407355402931932, -0.007501074014785529, 0.840746204830883, -0.5414234935645158, 0.002533708519527119, -0.0061914364996812875, -0.004934764868525078, 0.9999686566136776], [0.37, -0.5900633050805699, -0.8073278879138837, -0.006854005682963286, 0.8073419556070374, -0.5900828544373597, 0.0010916114978832877, -0.004925719642741486, -0.004889406463520362, 0.9999759152051791], [0.38, -0.6366559369343427, -0.7711249319254497, -0.005962996664833007, 0.771139445056242, -0.6366662465428514, -0.00021631317197666738, -0.003629634224731685, -0.004736019004167592, 0.999982197781234], [0.39, -0.6810121953183971, -0.7322560061946909, -0.004850898825870293, 0.7322684204431521, -0.681014780167996, -0.0013526324067742643, -0.002313060593483212, -0.004473319185745728, 0.9999873195026795], [0.4, -0.7229805319962479, -0.6908593007125418, -0.0035464028818835277, 0.6908676993602859, -0.7229775968028405, -0.0022839662466063873, -0.0009860705088572828, -0.004101358332044519, 0.9999911032228158], [0.41000000000000003, -0.762418091422752, -0.6470813809662629, -0.002083333406389237, 0.6470846447553845, -0.7624123365169122, -0.0029818867551133447, 0.0003411643092747958, -0.003621537465852704, 0.9999933840147631], [0.42, -0.7991911944424289, -0.6010766880517014, -0.000499806443260673, 0.601074607864566, -0.7991855817610486, -0.0034236947457492936, 0.0016584649955497966, -0.0030366076551527395, 0.9999940142359887], [0.43, -0.8331757826929516, -0.5530070191187633, 0.0011627292750378663, 0.5530003424430534, -0.8331732780304384, -0.0035930535591980686, 0.0029557387998514414, -0.002350655524178043, 0.999992868987951], [0.44, -0.8642578216626406, -0.5030409873821393, 0.0028605434012135924, 0.5030313940093047, -0.8642611312678963, -0.0034804626980516596, 0.004223071868148385, -0.0015690739750596123, 0.9999898517839358], [0.45, -0.8923336609287172, -0.45135346075027144, 0.0045487407384752, 0.4513434680242488, -0.8923449812381445, -0.0030835581620737283, 0.005450820616808561, -0.000698518323403298, 0.9999849001993754], [0.46, -0.9173103507080226, -0.398124978148026, 0.006182415268960462, 0.39811778100388157, -0.9173311494159586, -0.002407230720401737, 0.006629700782799473, 0.00025315179175621145, 0.9999779912486576], [0.47000000000000003, -0.9391059144510581, -0.34354114283792553, 0.007717811908409479, 0.3435403985077891, -0.939136759258789, -0.001463557996220137, 0.00775087325086362, 0.001276944208230683, 0.9999691462126907], [0.48, -0.9576495777709519, -0.287791992471779, 0.009113466093658967, 0.28780156376391297, -0.957690026133245, -0.0002715510081830212, 0.008806025787103412, 0.002362819084734704, 0.9999584346340646], [0.49, -0.9728819544909779, -0.2310713462055483, 0.010331291718370467, 0.23109502039490204, -0.9729305136857775, 0.0011432794096217327, 0.00978744984632142, 0.003499785976924588, 0.9999459772025792], [0.5, -0.9847551909918095, -0.1735761299489651, 0.011337589101064268, 0.17361733232503967, -0.9848093531348513, 0.002749526223240757, 0.010688111667704519, 0.004676012195828663, 0.9999319472738747], [0.51, -0.993233070323233, -0.11550568165090724, 0.012103946573016168, 0.11556720349629432, -0.9932894218477909, 0.004510645333757599, 0.011501716929626626, 0.005878941370699258, 0.9999165707977992], [0.52, -0.9982910777026659, -0.05706103938759165, 0.012608011867739119, 0.0571447995390674, -0.9983454776702, 0.006385851634636527, 0.012222768298922253, 0.007095421021158767, 0.9999001244802618], [0.53, -0.9999164290512067, 0.0015557841347677865, 0.0128341127160866, -0.0014489269386190272, -0.9999642458045486, 0.008331129771339593, 0.012846615282235045, 0.00831183783927247, 0.9998829320613108], [0.54, -0.9981080641225591, 0.06014253628592927, 0.01277370982186955, -0.060012906226945335, -0.9981444555770538, 0.010300334314134161, 0.013369495866094261, 0.009514259292385547, 0.9998653586610569], [0.55, -0.9928766055750687, 0.1184974634171045, 0.012425669617432772, -0.11834661572009168, -0.9928968251633755, 0.012246351623665887, 0.01378856951719636, 0.010688580083504982, 0.9998478032213043], [0.56, -0.9842442850439798, 0.1764200485035109, 0.011796348769182296, -0.17625073790639595, -0.9842439932256128, 0.014122293962058082, 0.014101941203829151, 0.011820671948697183, 0.9998306891514008], [0.5700000000000001, -0.9722448369178217, 0.23371174182178894, 0.010899487201853263, -0.2335278117746648, -0.9722203973964229, 0.015882695428610868, 0.01430867619224862, 0.012896535231090451, 0.9998144533685529], [0.58, -0.9569233601418508, 0.2901766789548858, 0.009755911312804505, -0.28998287732183275, -0.9568721005738787, 0.017484679107268305, 0.014408805466834705, 0.01390245064894553, 0.9997995340021782], [0.59, -0.9383361479971734, 0.34562238065209644, 0.008393053925949388, -0.3454241127734034, -0.9382565670021283, 0.01888906541063978, 0.014403321718743499, 0.01482512967085598, 0.999786357105211], [0.6, -0.9165504854708791, 0.39986042953716827, 0.00684430226153377, -0.39966346393319585, -0.9164423910473919, 0.02006139297901348, 0.014294165943313342, 0.015651861924086498, 0.9997753227792204], [0.61, -0.8916444135718241, 0.452707119327157, 0.0051481896492708255, -0.4525172647776632, -0.8915089823799606, 0.02097282560813156, 0.014084204780528551, 0.01637065809166189, 0.999766791171494], [0.62, -0.8637064597856418, 0.5039840730597357, 0.003347450772237098, -0.5038068480252201, -0.8635462118925695, 0.021600921482337356, 0.013777198824374125, 0.016970386799136854, 0.9997610688381706], [0.63, -0.8328353338211588, 0.5535188277762125, 0.0014879637920265105, -0.5533591439717217, -0.8326540230870809, 0.021930244407718135, 0.013377762215044766, 0.01744090405186483, 0.9997583959857358], [0.64, -0.7991395878907477, 0.6011453841130197, -0.00038239431990447995, -0.6010072654231633, -0.7989420138224466, 0.021952800684761905, 0.012891313911979004, 0.017773173856787495, 0.9997589351021972], [0.65, -0.7627372409920179, 0.6467047202531305, -0.002214950609953608, -0.6465910761116292, -0.7625289932306223, 0.02166828963020934, 0.012324021125004862, 0.017959378747985835, 0.9997627614680878], [0.66, -0.7237553670111141, 0.6900452706182028, -0.0039614669074939934, -0.6899577395861969, -0.7235425182831996, 0.02108416044123475, 0.011682735455085674, 0.017993019031207143, 0.9997698559960834], [0.67, -0.6823296469330311, 0.7310233704839372, -0.005575367481113107, -0.7309622452598551, -0.6821184139554981, 0.020215472972628722, 0.010974922364942052, 0.01786899966814121, 0.9997801007871399], [0.68, -0.6386038859979493, 0.7695036683253097, -0.007012932497166784, -0.7694679080946111, -0.6384002802265384, 0.019084564946062275, 0.010208584662986468, 0.017583703835339255, 0.9997932777122527], [0.6900000000000001, -0.5927294972541531, 0.80535950810675, -0.008234426931629986, -0.8053468383409473, -0.5925389883241718, 0.017720533005718166, 0.009392180741377267, 0.017135052314492714, 0.9998090702344626], [0.7000000000000001, -0.5448649535924766, 0.8384732839013102, -0.009205136089246203, -0.838480377827438, -0.5446921677345408, 0.016158539754693807, 0.008534538360425017, 0.016522547999627567, 0.9998270685786491], [0.71, -0.49517521096689304, 0.868736769144734, -0.009896281112734377, -0.8687594995249189, -0.4950236846081513, 0.014438963334740524, 0.007644764816877928, 0.0157473049420804, 0.999846778240524], [0.72, -0.44383110607344983, 0.8960514225143363, -0.010285790764549432, -0.8960851674808161, -0.44370311137548785, 0.012606410138844858, 0.006732154372523247, 0.014812061495462978, 0.9998676317051967], [0.73, -0.39100873224041977, 0.9203286718942331, -0.010358909263862407, -0.9203686547171871, -0.3909051866933059, 0.010708614772556274, 0.0058060938517245295, 0.013721177269786711, 0.9998890031241048], [0.74, -0.33688879764652885, 0.9414901771880363, -0.010108623977397285, -0.941531817286469, -0.3368092643302916, 0.008795254318508706, 0.004875967341527877, 0.012480613756062275, 0.9999102255816552], [0.75, -0.28165597020854494, 0.9594680719201814, -0.009535901197721795, -0.9595073233505254, -0.2815987493075175, 0.006916706235768196, 0.00395106094527229, 0.011097898639443896, 0.9999306104741443], [0.76, -0.22549821355019162, 0.9742051826888805, -0.008649722989624386, -0.974238836855045, -0.22546051956024338, 0.005122780783335548, 0.003040468549611597, 0.009582073979581421, 0.9999494684279044], [0.77, -0.1686061183767001, 0.9856552246634787, -0.007466923029544194, -0.9856811560737151, -0.1685843315917837, 0.003461459653889315, 0.0021529995648348365, 0.007943628600234402, 0.9999661311052164], [0.78, -0.11117223333883247, 0.9937829705232561, -0.00601182438442123, -0.993800307955806, -0.11116220903870427, 0.0019776725159509506, 0.0012970895886989255, 0.006194415195025138, 0.9999799731889587], [0.79, -0.05339039909219401, 0.998564389575948, -0.004315687151669097, -0.9985735997901899, -0.053387813733900225, 0.0007121423848795655, 0.00048071492406132695, 0.004347552820749667, 0.9999904338030604], [0.8, 0.0045449112336343744, 0.9999867533266917, -0.0024159786879325946, -0.9999896301667486, 0.004544200300907242, -0.0002996708107796814, -0.0002886881500576621, 0.0024173156118707665, 0.9999970366178015], [0.81, 0.062439242514531645, 0.998048703533836, -0.00035548367023974226, -0.998048261547878, 0.06243884853303644, -0.0010285013982260795, -0.0010042984960402096, 0.00041900870732180704, 0.9999994079079413], [0.8200000000000001, 0.12009879703571447, 0.9927602788141758, 0.001818724655921967, -0.9927605569425568, 0.12010149083790644, -0.0014520597840764525, -0.0016599788186944778, -0.001631167469046731, 0.9999972918778378], [0.8300000000000001, 0.1773310614179005, 0.9841428961566934, 0.004056427087585073, -0.9841486831972344, 0.1773385162096886, -0.0015556444631719905, -0.0022503372082013323, -0.0037162632928892736, 0.9999905626402619], [0.84, 0.23394542024964526, 0.9722292842627569, 0.006305486987108887, -0.9722457832861284, 0.2339580328716292, -0.0013325678896680929, -0.002770780857405193, -0.005818734979822583, 0.9999792323326896], [0.85, 0.28975375612170756, 0.95706336642616, 0.008513134463167026, -0.9570958197130509, 0.28977055859560313, -0.0007843844690204006, -0.0032175613692844497, -0.007920607061210075, 0.9999634549735388], [0.86, 0.34457103616399737, 0.9387000916563768, 0.010627274400288276, -0.938753390751764, 0.3445897054432184, 7.908616797444243e-05, -0.0035878111621332302, -0.010003640680565232, 0.9999435257974318], [0.87, 0.39821588545703507, 0.9172052138771629, 0.01259778576643495, -0.917283520783948, 0.3982328527898958, 0.0012399423475681695, -0.0038795705785067197, -0.012049506021769895, 0.9999198759584478], [0.88, 0.45051114781084417, 0.8926550202342706, 0.014377779686358866, -0.8927614254808848, 0.4505218024184932, 0.0026725865618364535, -0.004091805407640433, -0.01403995712764063, 0.9998930626483813], [0.89, 0.5012844343680221, 0.8651360107487359, 0.01592478464832163, -0.8652722520578703, 0.5012834096821948, 0.004344306169509621, -0.004224414638004664, -0.015957007337093994, 0.9998637548375329], [0.9, 0.5503686602983593, 0.8347445326829638, 0.01720182889373667, -0.8349107943507773, 0.550350185230839, 0.006216035145894081, -0.004278228364976943, -0.01778310356156908, 0.9998327150027526], [0.91, 0.597602569524476, 0.8015863739763162, 0.01817839248242205, -0.8017811820613842, 0.597560862545405, 0.008243278852544214, -0.0042549958863984634, -0.019501297636119325, 0.9998007773554258], [0.92, 0.6428312469758953, 0.7657763208941135, 0.018831204669136226, -0.7659965432265043, 0.6427609274897857, 0.010377179651350116, -0.004157364124215829, -0.021095413016719442, 0.9997688232152434], [0.93, 0.685906617345478, 0.727437685570322, 0.01914486599007326, -0.7276786388127601, 0.6858031072106097, 0.012565697588356954, -0.003988846611872009, -0.02255020515132536, 0.9997377542887638], [0.9400000000000001, 0.726687928755909, 0.6867018093769793, 0.019112278745098115, -0.686957468341934, 0.7265478169272938, 0.014754877411383486, -0.0037537833832243907, -0.023851513926103563, 0.9997084647004572], [0.9500000000000001, 0.7650422191773685, 0.6437075480080175, 0.018734874263600834, -0.6439708456187211, 0.764863564381806, 0.016890170936611652, -0.003457292188460132, -0.024986406677721916, 0.9996818126844456], [0.96, 0.8008447629137228, 0.5986007438262123, 0.01802263033989646, -0.5988639439596642, 0.8006273128853396, 0.018917782298048053, -0.0031052115450031816, -0.025943310365211213, 0.9996585928748649], [0.97, 0.8339794940346055, 0.5515336904133337, 0.01699387739254863, -0.5517888107944731, 0.8337248049350552, 0.020786002935293917, -0.0027040362063478094, -0.026712131608199727, 0.9996395101300977], [0.98, 0.8643394033108299, 0.5026645934266694, 0.01567489711227053, -0.5029038521039626, 0.8640508492143092, 0.022446503314041157, -0.0022608456990013915, -0.027284363419967022, 0.9996251557906558], [0.99, 0.891826905039533, 0.45215703085655784, 0.014099322486918961, -0.45237328783911185, 0.8915095743827229, 0.023855549324395042, -0.0017832266374272522, -0.027653177591704596, 0.9996159872030067], [1.0, 0.9163541701429438, 0.400179414667535, 0.012307353004811505, -0.40036658019327226, 0.9160146533724383, 0.024975113039090675, -0.0012791895793958204, -0.027813501816929938, 0.9996123112440638], [1.01, 0.9378434220995839, 0.34690445466543984, 0.010344803420800689, -0.3470578373305413, 0.9374895019166807, 0.025773849992986323, -0.0007570812299466422, -0.027762080780936307, 0.9996142724564929], [1.02, 0.9562271926165373, 0.29250862434184977, 0.008262008613769982, -0.2926251958626832, 0.9558674547486503, 0.026227918305940654, -0.00022549284173461852, -0.02749752057868914, 0.9996218462573749], [1.03, 0.9714485344623993, 0.2371716274802716, 0.006112610671086954, -0.23725018597161363, 0.9710919223448891, 0.02632161873713533, 0.00030683430666988455, -0.02702031596535559, 0.9996348375171009], [1.04, 0.9834611895280895, 0.18107586353259522, 0.003952257319568914, -0.18111708355573494, 0.9831165302880321, 0.02604783904060983, 0.0008311054446164029, -0.026332860086696483, 0.9996528846271561], [1.05, 0.9922297109334496, 0.12440588924431153, 0.0018372431126110497, -0.12441225410499376, 0.9919052423456599, 0.025408290688505513, 0.0013385699224191313, -0.025439436482147703, 0.9996754689908286], [1.06, 0.9977295388107209, 0.06734787376189431, -0.0001768736761314692, -0.0673234931593198, 0.997432467273576, 0.024413531030413174, 0.0018206189530979157, -0.024346193301990268, 0.9997019296862085], [1.07, 0.9999470302265608, 0.010089044516012549, -0.0020366447495068457, -0.01003936816687029, 0.9996831482301253, 0.02308276914747743, 0.0022688825204950987, -0.023061099831959912, 0.9997314828726006], [1.08, 0.9988794445053306, -0.0471828784597856, -0.0036920624279439857, 0.04725143366732149, 0.9986528326130446, 0.021443458917017356, 0.0026753244860114197, -0.021593885574212775, 0.9997632453459684], [1.09, 0.9945348859425874, -0.10428026146357902, -0.005097814458387537, 0.10436074735286915, 0.9943477191797955, 0.019530688003482205, 0.0030323349279327214, -0.019955962292667023, 0.9997962615022417], [1.1, 0.9869322065077665, -0.1610161501033166, -0.0062144318820611805, 0.1611015582694424, 0.9867846785570721, 0.017386376510730436, 0.003332818757150014, -0.018160329592869357, 0.9998295328445793], [1.11, 0.9761008715948278, -0.2172048760210794, -0.007009301283660229, 0.21728861354171608, 0.9759912427441968, 0.015058303747664922, 0.0035702796720087264, -0.016221464770658094, 0.9998620490766503], [1.12, 0.962080792164175, -0.2726626758570475, -0.007457515888567018, 0.27273901441933657, 0.9620055590114398, 0.012598985858227087, 0.003738898544028311, -0.014155197828412666, 0.9998928197622563], [1.1300000000000001, 0.9449221267145421, -0.3272083196969058, -0.007542543761478716, 0.327272788228968, 0.9448763037121358, 0.010064430839757457, 0.0038336053661502836, -0.011978572720433192, 0.9999209055047692], [1.1400000000000001, 0.9246850564278306, -0.38066374503823097, -0.007256695703182827, 0.38071343923041423, 0.9246625519702514, 0.007512800623756023, 0.0038501439466120634, -0.00970969604731618, 0.999945447609148], [1.1500000000000001, 0.9014395365535145, -0.43285469122686243, -0.00660138024068666, 0.4328884784095152, 0.9014335999550119, 0.0050030123367590185, 0.003785128594802052, -0.007367574570013055, 0.9999656952348294], [1.16, 0.8752650266643274, -0.4836113284286523, -0.005587138244968103, 0.4836299328333451, 0.8752687374730914, 0.0025933125292922988, 0.0036360921204391388, -0.0049719430542444955, 0.9999810291282316], [1.17, 0.8462502018540784, -0.5327688745789706, -0.004233455065221506, 0.5327748356413272, 0.8462569698402557, 0.0003398590091677732, 0.0034015245536193938, -0.002543084081678487, 0.9999909811363626], [1.18, 0.814492646302748, -0.5801681934396389, -0.0025683535061739237, 0.5801656980217466, 0.8144966893671064, -0.0017046550862338254, 0.003080902089721031, -0.00010164157245596704, 0.9999952488443655], [1.19, 0.7800985299502868, -0.6256563669189693, -0.0006277763595105531, 0.6256509646103957, 0.7800952982260548, -0.003492301201746271, 0.0026747058684629746, 0.0023315701487385053, 0.9999937048447648], [1.2, 0.7431822683485845, -0.6690872351823057, 0.0015452276047090222, 0.6690854536428651, 0.7431687858722105, -0.004981107180705867, 0.0021844303087973902, 0.004735759846322622, 0.9999864003289765], [1.21, 0.7038661651502168, -0.7103218987827338, 0.00390149540799935, 0.7103307829031245, 0.7038412654832523, -0.006136111404437512, 0.001612580838699081, 0.007090353490833068, 0.9999735628857461], [1.22, 0.6622800361884918, -0.7492291780378204, 0.006386896190019633, 0.749255782059778, 0.6622444749822841, -0.00693025291236799, 0.000962660979001777, 0.00937518704938625, 0.9999555885896277], [1.23, 0.6185608137450104, -0.7856860261124331, 0.008943605020566622, 0.7857368913999986, 0.6185172490443925, -0.007345075059116768, 0.00023914886083451544, 0.011570696012354885, 0.9999330286582259], [1.24, 0.572852129418125, -0.8195778936680628, 0.011511473917005096, 0.8196585463010789, 0.5728049690092072, -0.007371224726193805, -0.0005525366254325384, 0.013658099757414836, 0.9999065711426716], [1.25, 0.5253038740165691, -0.8507990444223621, 0.014029467316332294, 0.8509135460685509, 0.525258997794917, -0.0070087340171954785, -0.0014060797377328281, 0.015619578914777643, 0.999877018284897], [1.26, 0.47607173311280354, -0.8792528224395608, 0.016437127578665653, 0.8794034050692014, 0.47603610672252966, -0.006267076603157164, -0.0023143214264786487, 0.01743844398225119, 0.9998452603217223], [1.27, 0.42531669729266525, -0.9048518733532417, 0.018676035264173885, 0.9050386834482543, 0.4252979006241207, -0.005164996318142609, -0.0032693219955012617, 0.01909929354308229, 0.9998122466342596], [1.28, 0.3732045467113217, -0.9275183229234405, 0.020691228945753416, 0.9277392941905338, 0.37321024675916054, -0.0037301110998339236, -0.004262432268958845, 0.020588160560264402, 0.9997789552275531], [1.29, 0.3199053102783127, -0.9471839172767199, 0.02243255019083104, 0.9474347829071156, 0.3199427119527698, -0.001998300791647362, -0.005284372572341387, 0.021892645354884332, 0.9997463615767161], [1.3, 0.26559270060488904, -0.9637901298130679, 0.02385588104244741, 0.9640645765341266, 0.2656680110699392, -1.2892541279811362e-05, -0.006325318764834385, 0.02300203401989173, 0.9997154078904009], [1.31, 0.21044352670621308, -0.9772882400489974, 0.024924243807674662, 0.9775781971400458, 0.2105614685339277, 0.0021763375779907355, -0.007374994499588693, 0.02390740117136992, 0.9996869738199863], [1.32, 0.15463708730647002, -0.9876393895859713, 0.025608736158216815, 0.9879354372601893, 0.15480049317600258, 0.004514323646458856, -0.008422768837488234, 0.024601696094301632, 0.9996618495843452], [1.33, 0.09835454839314267, -0.9948146199544093, 0.025889278385948268, 0.995106493606767, 0.09856406535979295, 0.006942002693453195, -0.009457758298160606, 0.025079811496791872, 0.9996407123878353], [1.34, 0.04177830935689525, -0.9987948963162779, 0.025755154044086615, 0.9990720566214012, 0.04203223414472251, 0.009397710949301476, -0.01046893239843236, 0.02533863424414002, 0.9996241068867229], [1.35, -0.014908637409041303, -0.9995711199650328, 0.025205330040613812, 0.9998233541135106, -0.014614378682684503, 0.011818650723708371, -0.011445221702337149, 0.025377077601048396, 0.9996124303111757], [1.36, -0.07152334822727091, -0.9971441313101135, 0.024248547423705948, 0.9973621481212982, -0.07119507151040583, 0.014142393273347747, -0.012375627387344117, 0.025196094666185196, 0.9996059226817048], [1.37, -0.12788356581420923, -0.9915247036578544, 0.0229031794920858, 0.9917006850931723, -0.12752955681590405, 0.016308382018811, -0.013249331318039853, 0.02479867283833927, 0.9996046623766225], [1.3800000000000001, -0.183808347649011, -0.9827335266937995, 0.02119685935481767, 0.9828616004622301, -0.18343846008297704, 0.01825940029711014, -0.014055805610649657, 0.02418980930792256, 0.9996085671172905], [1.3900000000000001, -0.23911868007753567, -0.9708011772284318, 0.019165884531323625, 0.9708777796194418, -0.2387438272473732, 0.01994296849767111, -0.01478492066937922, 0.02337646772220507, 0.9996174002475312], [1.4000000000000001, -0.2936380737154878, -0.9557680735814877, 0.01685441149935332, 0.9557921781287044, -0.2932696433926404, 0.02131263691663816, -0.015427050678748788, 0.022367516328043614, 0.999630781999369], [1.41, -0.3471931364135016, -0.9376844090328615, 0.014313458144294224, 0.9376576047205898, -0.34684236431676396, 0.02232914294824177, -0.015973175545316326, 0.021173648052472824, 0.9996482052658066], [1.42, -0.3996141208840864, -0.9166100591298735, 0.011599736719777671, 0.9165364711114939, -0.39929146126177, 0.022961404267372813, -0.016414978298129688, 0.01980728313953774, 0.9996690552488368], [1.43, -0.4507354450169541, -0.8926144573617616, 0.008774344085792612, 0.892500512991941, -0.4504499776262851, 0.023187323381557576, -0.016744936980770096, 0.018282455120876093, 0.999692632222656], [1.44, -0.5003961838703279, -0.8657764338208771, 0.005901339544306091, 0.8656304865960629, -0.5001550949593326, 0.022994383263832237, -0.016956410099901457, 0.01661468105697966, 0.9997181765527214], [1.45, -0.5484405332637303, -0.8361840119699843, 0.003046243453216856, 0.8360158451018539, -0.5482487040613547, 0.022380018625505118, -0.017043714736756317, 0.014820817144351324, 0.9997448950443036], [1.46, -0.5947182457558953, -0.8039341595051378, 0.00027449189114523743, 0.8037543987312875, -0.5945779756930946, 0.021351752640203274, -0.01700219647978212, 0.01291890093891955, 0.9997719876618835], [1.47, -0.6390850405178123, -0.7691324904986813, -0.0023501160912598714, 0.7689519618471511, -0.638995924304329, 0.019927094466430657, -0.01682829039932538, 0.010927981595538273, 0.9997986736640951], [1.48, -0.6814029891614531, -0.7318929174603572, -0.0047669417033234344, 0.7317219896182645, -0.681361957418726, 0.018133198603952287, -0.016519572359012132, 0.008867939664241278, 0.9998242162376276], [1.49, -0.7215408799262532, -0.6923372535821967, -0.006919963692769311, 0.6921852059953443, -0.7215424029059425, 0.016006292821927507, -0.016074800043268368, 0.006759298112931015, 0.9998479447859006], [1.5, -0.7593745627378576, -0.6505947671381523, -0.00875913461136656, 0.6504692238619413, -0.7594110063725219, 0.013590886973134635, -0.015493943175657752, 0.004623026360085887, 0.999869274131445], [1.51, -0.7947872775314693, -0.6068016916893896, -0.010241603244132539, 0.6067081573580212, -0.7948493913191129, 0.010938780319133388, -0.014778202507399342, 0.002480339196719258, 0.9998877200206628], [1.52, -0.8276699678848932, -0.5611006972977138, -0.011332773422215423, 0.5610422255769428, -0.8277474755268183, 0.008107889901219027, -0.013930017268143323, 0.0003524925513972337, 0.999902910470767], [1.53, -0.8579215814583139, -0.5136403292765593, -0.012007173219938274, 0.5136173461650656, -0.8580038383085086, 0.005160926876269744, -0.012953060890041607, -0.0017394218966888864, 0.9999145926653158], [1.54, -0.88544935802634, -0.464574422027729, -0.0122491129615082, 0.46458471685445163, -0.8855260347269569, 0.0021639514830820317, -0.011852224939275813, -0.00377468122544535, 0.9999226352801676], [1.55, -0.9101691050614171, -0.41406149615763194, -0.012053115423093952, 0.41410038267002464, -0.9102308545568165, -0.000815159681659205, -0.010633591314239566, -0.0057331328670070895, 0.9999270262990649], [1.56, -0.9320054599426987, -0.3622641472966017, -0.011424106987641442, 0.36232478649668676, -0.9320445255537092, -0.003708298193485534, -0.009304392894186516, -0.007595391288636656, 0.9999278665504044], [1.57, -0.950892136981786, -0.30934843484221236, -0.01037736415886157, 0.30942230087809336, -0.9509028623850865, -0.006448722908898999, -0.007872962944074847, -0.009343027802731177, 0.9999253593573665], [1.58, -0.9667721566378197, -0.25548327822239764, -0.008938215627047968, 0.2555607393402383, -0.9667513642667055, -0.008972635974674478, -0.006348673698452557, -0.010958751625992984, 0.9999197968362612], [1.59, -0.9795980535973633, -0.20083986726319988, -0.007141505860630413, 0.20091084616771018, -0.9795452658336723, -0.011220698508326703, -0.004741864657691227, -0.012426580404130595, 0.9999115434972374], [1.6, -0.9893320598704424, -0.14559109191007516, -0.005030831833759851, 0.1456457643723966, -0.9892495469661341, -0.01313945005237497, -0.003063761232186572, -0.013731998533737858, 0.999901017892962], [1.61, -0.9959462587436637, -0.08991099497252253, -0.0026575698579420744, 0.08994048253570036, -0.9958389081145566, -0.014682598082521385, -0.0013263844631900435, -0.01486210174431971, 0.9998886731211615], [1.62, -0.9994227053622698, -0.033974249836746954, -7.971444037754966e-05, 0.03397126221923103, -0.9992977180782153, -0.015812146815159984, 0.00045754736798640056, -0.015805726547749314, 0.9998749770139784], [1.6300000000000001, -0.9997535098980903, 0.02204433667279201, 0.0026394444690475377, -0.02208495133669956, -0.9996199411587252, -0.016499338237694772, 0.0022747243578510085, -0.016553563316785962, 0.9998603928402267], [1.6400000000000001, -0.9969408796967415, 0.07797029779459555, 0.005432775654278933, -0.0780511315363489, -0.99680905014112, -0.01672538258618146, 0.004111356878598473, -0.0170982519159319, 0.9998453613064555], [1.6500000000000001, -0.9909971174663545, 0.13362995972047426, 0.008230858915116454, -0.13375078122663353, -0.9908779306783305, -0.01648196031710974, 0.005953292756226051, -0.017434458974513626, 0.9998302845711489], [1.6600000000000001, -0.9819445734383434, 0.18885087814229462, 0.010963599768043154, -0.18900854673625989, -0.9818487814267888, -0.015771482852826094, 0.007786138685941844, -0.017558936061564303, 0.9998155128866271], [1.67, -0.9698155504520017, 0.24346226360980644, 0.013561869320649395, -0.24365082945041938, -0.9697530127792321, -0.01460710490568326, 0.009595384807494433, -0.017470558193489763, 0.9998013343593839], [1.68, -0.9546521620330475, 0.2972954013299499, 0.01595913135769069, -0.2975063889918945, -0.9546311453614578, -0.013012486882786485, 0.011366531336847504, -0.017170342277752656, 0.9997879681769697], [1.69, -0.936506144688674, 0.350184071069009, 0.01809301881642612, -0.35040693212197177, -0.9365327077102545, -0.011021311617352368, 0.013085216132115522, -0.016661445268468147, 0.9997755614938493], [1.7, -0.915438626762553, 0.40196497239958295, 0.01990682282267623, -0.4021876817856087, -0.9155161308430432, -0.008676565340139485, 0.014737342060522185, -0.015949141982761858, 0.9997641900063258], [1.71, -0.8915198572179318, 0.4524781596870378, 0.021350859288332184, -0.4526879212908939, -0.8916486358773845, -0.006029598272597928, 0.016309203029214125, -0.015040782700077464, 0.9997538620842238], [1.72, -0.8648288985858233, 0.5015674899842623, 0.022383680700881366, -0.5017515094034254, -0.8650061095635181, -0.00313898537296541, 0.017787607546165814, -0.01394573084045023, 0.9997445261711162], [1.73, -0.8354532889774846, 0.5490810854728385, 0.02297310411488175, -0.5492273631083586, -0.8356729616438906, -6.921248309895225e-05, 0.019159998688488437, -0.012675281192073605, 0.9997360810218661], [1.74, -0.803488678476935, 0.5948718103468046, 0.023097030417432086, -0.5949699058915773, -0.80374195741815, 0.0031107827002382106, 0.020414569374739643, -0.011242559332991156, 0.999728388221965], [1.75, -0.7690384453757515, 0.6387977601902283, 0.022744034602393617, -0.6388394805535441, -0.7693140188134766, 0.0063291818693698015, 0.02154037186599024, -0.009662403065764429, 0.9997212863327807], [1.76, -0.7322132975804735, 0.6807227600680771, 0.021913711954565776, -0.6807027267271889, -0.7324979876537394, 0.009512933795200367, 0.02252742045815681, -0.00795122685633873, 0.9997146059346037], [1.77, -0.6931308641212464, 0.7205168658486547, 0.02061677060469415, -0.7204329243565892, -0.693410345672947, 0.012589440684063766, 0.023366786376129982, -0.006126870437380477, 0.9997081847984923], [1.78, -0.6519152810440068, 0.7580568618161936, 0.018874866746485936, -0.7579103053418506, -0.6521748870862101, 0.01548824427465857, 0.024050683939047034, -0.0042084328999236285, 0.9997018824102465], [1.79, -0.6086967751180602, 0.7932267465119656, 0.01672018477515881, -0.7930223363109794, -0.6089223411458322, 0.0181426724975803, 0.02457254713596834, -0.002216093752647457, 0.9996955930960834], [1.8, -0.5636112477897046, 0.8259181980397889, 0.014194770573691132, -0.825663975996473, -0.5637899439792995, 0.02049140818766211, 0.024927095832192006, -0.00017092257261514497, 0.9996892570588354], [1.81, -0.5167998607240221, 0.8560310098408968, 0.011349631994298656, -0.8557379109421135, -0.5169209610208009, 0.022479942921613923, 0.025110390918080178, 0.0019053209982111338, 0.9996828687237943], [1.82, -0.4684086231703272, 0.8834734882089846, 0.008243626115228699, -0.883154773229642, -0.46846416338846114, 0.02406188152346063, 0.02511987781376096, 0.003990395042906974, 0.9996764819110346], [1.83, -0.4185879803332799, 0.9081628035739122, 0.004942157957579756, -0.9078333435989856, -0.4185732635024348, 0.025200066087366593, 0.0249544178531994, 0.006061788984551999, 0.9996702114917273], [1.84, -0.36749240099975383, 0.9300252887963003, 0.0015157198931356388, -0.9297007427603119, -0.3674063169651675, 0.025867492437716966, 0.02461430718831164, 0.0080969409933148, 0.9996642313438], [1.85, -0.3152799619228086, 0.9489966793208872, -0.001961695155100725, -0.9486926128988548, -0.31512509912712294, 0.026047996684283717, 0.024101282976138415, 0.010073457105189946, 0.9996587685909897], [1.86, -0.26211192594909904, 0.9650222919445741, -0.005414270522966839, -0.9647532904059308, -0.2618944657502432, 0.025736694821303273, 0.02341851673749244, 0.011969329949356096, 0.999654094281807], [1.87, -0.20815231063119838, 0.9780571410564715, -0.008766094189222846, -0.9778359697948701, -0.20788170769293896, 0.024940164032999305, 0.022570594901741944, 0.013763154983821815, 0.9996505108339977], [1.8800000000000001, -0.15356744411131695, 0.9880659933796644, -0.01194289896861413, -0.9879028576491898, -0.15325590953873836, 0.023676360362577517, 0.021563486677300844, 0.015434342166448985, 0.9996483367285751], [1.8900000000000001, -0.09852550539943966, 0.9950233643598433, -0.014873774363091792, -0.9949253143756954, -0.09818732157125526, 0.021974273528084218, 0.020404499508910608, 0.01696332103929228, 0.9996478890785041], [1.9000000000000001, -0.04319604678033945, 0.9989134612787814, -0.01749281048301338, -0.9988839805693875, -0.04284675348808925, 0.0198733257756718, 0.019102222499117607, 0.018331737276505163, 0.9996494648145513], [1.9100000000000001, 0.01225050306388159, 0.9997300798051919, -0.019740635941808606, -0.9997688840059428, 0.012595003196947563, 0.017422527600245298, 0.017666458280998238, 0.019522638837362223, 0.9996533213192624], [1.92, 0.06764335558562562, 0.9974764619335196, -0.021565814005145047, -0.9975795227169671, 0.06796771890578357, 0.014679408793698587, 0.01610814393109037, 0.020520649973436566, 0.9996596573953372], [1.93, 0.12281189775527118, 0.9921651240279818, -0.02292606447447572, -0.9923249193152668, 0.1231022327790276, 0.011708748471418153, 0.014439261605000945, 0.021312131459736733, 0.9996685954739923], [1.94, 0.17758624426246633, 0.9838176639379531, -0.023789282721844236, -0.9840236417475873, 0.17783092152154573, 0.008581132361947493, 0.012672739663035702, 0.021885325550834764, 0.9996801659505736], [1.95, 0.23179780328712934, 0.9724645558664183, -0.0241343318695739, -0.972703785968348, 0.23198813148784053, 0.00537136962260551, 0.01082234512957133, 0.022230484302187915, 0.9996942944788605], [1.96, 0.2852798514696026, 0.9581449408725, -0.023951589214817232, -0.9584029166386117, 0.28541057719040647, 0.00215680468330247, 0.008902568398184877, 0.02233998004190927, 0.9997107929634665], [1.97, 0.33786811274923917, 0.9409064196204482, -0.023243233516382657, -0.9411679628307625, 0.3379377111583313, -0.000984437941692437, 0.006928501155388612, 0.022208396927691932, 0.9997293548644266], [1.98, 0.3894013350042168, 0.9208048523279728, -0.022023265566080606, -0.9210550668154356, 0.38941207144826284, -0.00397523634351417, 0.004915708549884289, 0.0218