[[0.0, 1.0, 0.0, 0.0, 0.0, 1.0, 0.0, 0.0, 0.0, 1.0], [0.01, 0.9981978399343177, -0.05999938883077382, 0.0010703690910354232, 0.06000036670140923, 0.9981979437715331, -0.0009061156517422785, -0.001014073840433835, 0.0009687052242679944, 0.9999990166315313], [0.02, 0.9927977141063986, -0.11978143506672861, 0.0022597960371311117, 0.11978519749319691, 0.9927985267760144, -0.0016098734596505415, -0.002050689223205606, 0.0018689688053440245, 0.9999961508070814], [0.03, 0.9838188966844156, -0.1791309211877201, 0.0035343458913791683, 0.17913892832406977, 0.9838215589243787, -0.0020939327331121753, -0.0031020775852474603, 0.00269318952653034, 0.9999915618867047], [0.04, 0.9712936017817291, -0.23783427327380388, 0.004857735483419827, 0.23784749747837028, 0.9712996760431152, -0.0023467555572861745, -0.0041601779988307604, 0.0034347888858813572, 0.9999854474661902], [0.05, 0.9552668792437533, -0.2956803082870867, 0.0061923106372987575, 0.2956991297436592, 0.9552782010019252, -0.0023629132957426625, -0.0052167124339033205, 0.004088273676499566, 0.9999780357235868], [0.06, 0.9357964603140165, -0.35246096799573073, 0.007500060211727746, 0.3524851151316542, 0.9358149657801593, -0.002143229435522338, -0.006263263868906271, 0.0046492861066280144, 0.9999695773693902], [0.07, 0.9129525531429068, -0.407972038837537, 0.008743639774642273, 0.4080005782238925, 0.9129800961546006, -0.0016947549743376467, -0.007291356439983807, 0.00511464096460888, 0.9999603374979358], [0.08, 0.8868175886012771, -0.4620138572748924, 0.00988737747402777, 0.4620452341284246, 0.8868557602734043, -0.0010305770297513073, -0.008292536798105045, 0.005482349476295403, 0.9999505876180056], [0.09, 0.8574859173784874, -0.5143920002956365, 0.010898235147650847, 0.5144241270518991, 0.8575358819245618, -0.00016946581186383543, -0.0092584558308161, 0.005751629649387233, 0.9999405981116634], [0.1, 0.8250634598541088, -0.5649179606616086, 0.011746698913591645, 0.5649483476146655, 0.8251258188550984, 0.0008646305757171865, -0.010180949901482087, 0.005922903046864099, 0.9999306313332296], [0.11, 0.7896673107083025, -0.6134098063057074, 0.012407575369306496, 0.6134357252599272, 0.7897420060918279, 0.0020432299712531666, -0.011052120763797007, 0.005997778078830148, 0.99992093551669], [0.12, 0.7514253006550189, -0.6596928229484871, 0.01286067204953288, 0.6597114924205989, 0.7515115638959429, 0.0033340813809749114, -0.011864413322853843, 0.005979020047222459, 0.9999117396128392], [0.13, 0.7104755180244036, -0.7036001385751489, 0.013091343886251529, 0.7036089174921296, 0.7105718697843741, 0.0047020310987578254, -0.012610690435916155, 0.005870508319666524, 0.9999032491289144], [0.14, 0.6669657931715096, -0.7449733279197153, 0.013090890995832329, 0.7449699040945978, 0.6670700939947767, 0.006109966515997382, -0.013284303975967563, 0.00567718114608522, 0.9998956429957329], [0.15, 0.621053148839287, -0.783662994586966, 0.012856797095009842, 0.7836455545684309, 0.6211626978718252, 0.0075198123300471535, -0.013879161418825456, 0.005404968763237181, 0.9998890714427904], [0.16, 0.5729032196528225, -0.8195293279480282, 0.012392802113357944, 0.8194966961091343, 0.5730148949118532, 0.008893552445949499, -0.014389787259750616, 0.005060715556996092, 0.999883654822104], [0.17, 0.5226896438742521, -0.8524426315152887, 0.011708807012188122, 0.8523943683822675, 0.5228000746112178, 0.010194250166234707, -0.014811378617612425, 0.004652092168710284, 0.9998794832886866], [0.18, 0.47059343041447316, -0.8822838191749277, 0.010820613319945134, 0.882220271847087, 0.47069918979945585, 0.011387039297617113, -0.015139854443429671, 0.004187498539344622, 0.9998766172199409], [0.19, 0.41680230389682665, -0.9089448754635199, 0.009749504331490313, 0.9088671763374847, 0.4169001087718424, 0.01244005957218778, -0.015371897814872339, 0.0036759589821503966, 0.9998750882399945], [0.2, 0.3615100303195673, -0.9323292760405189, 0.008521679173727861, 0.9322392896871183, 0.3615969342281198, 0.013325311265196935, -0.01550499086859254, 0.0031270104603588183, 0.9998749007068726], [0.21, 0.3049157255932152, -0.9523523646437841, 0.007167554897621513, 0.9522525863351567, 0.30498929173296163, 0.014019406053244064, -0.015537441997392201, 0.0025505853198486625, 0.9998760335214353], [0.22, 0.2472231489606867, -0.9689416831203937, 0.005720955309142914, 0.9688350959084907, 0.24728159109413822, 0.01450419393850617, -0.015468405018505113, 0.001956889787007793, 0.9998784421260485], [0.23, 0.1886399830669997, -0.9820372515882865, 0.0042182083021330315, 0.981927151751486, 0.18868226466331273, 0.014767249392190917, -0.015297890101894977, 0.001356279588318991, 0.9998820605771374], [0.24, 0.12937710225333754, -0.9915917963831946, 0.0026971759209569526, 0.9914815992775585, 0.129402987063158, 0.01480220365408503, -0.015026766332591694, 0.0007591340799140856, 0.9998868035977394], [0.25, 0.06964783052511464, -0.9975709241478664, 0.0011962431926520892, 0.9974639638655806, 0.06965788120159505, 0.01460891426245287, -0.014656755867795065, 0.0001757302919827338, 0.9998925685423188], [0.26, 0.00966719059787391, -0.9999532411875016, -0.0002467071225689824, 0.9998525778400968, 0.00966271562739529, 0.014193467267263313, -0.01419041973682109, -0.00038388170578945724, 0.9998992372346217], [0.27, -0.05034885453330973, -0.9987304180144633, -0.0015953065653574868, 0.9986386658871157, -0.05036590170105504, 0.01356801253831786, -0.013631135887515407, -0.0009100009305011139, 0.9999066776734322], [0.28, -0.11018416594127883, -0.9939071996872867, -0.002815671883027562, 0.993826388032132, -0.11021132831186636, 0.012750434709932278, -0.012983067795516813, -0.0013933930034745823, 0.9999147455803954], [0.29, -0.1696231972529207, -0.9855013634923566, -0.0038773096161452223, 0.985432839348511, -0.16965768618331295, 0.011763871552896535, -0.012251126833288556, -0.001825402719176696, 0.9999232859663205], [0.3, -0.22845176524052557, -0.9735436256947843, -0.004753929708109323, 0.9734880051504127, -0.22849065062297347, 0.010636090742773559, -0.01144092683684514, -0.0021980598427054744, 0.9999321345702267], [0.31, -0.2864578201777655, -0.9580774999517826, -0.00542414638309123, 0.9580346708027684, -0.2864982254782637, 0.009398742281674102, -0.01055873182130795, -0.0025041770680662824, 0.9999411194157273], [0.32, -0.3434322132802598, -0.9391591100326007, -0.0058720475181887714, 0.9391282851345495, -0.34347150171179536, 0.0080865066589302, -0.009611397376183073, -0.0027374390363788044, 0.9999500624960527], [0.33, -0.3991694582246419, -0.9168569597019386, -0.006087617271918517, 0.9168367767106355, -0.39920539702600677, 0.00673616162561852, -0.008606306338029689, -0.0028924814107969977, 0.9999587816804201], [0.34, -0.453468483438066, -0.8912516625780861, -0.0060670006722533055, 0.8912403224847779, -0.45349937484657354, 0.005385592629927055, -0.007551299397387283, -0.0029649591133209807, 0.9999670929144853], [0.35000000000000003, -0.5061333716011257, -0.862435634591898, -0.005812603107063507, 0.8624310687180925, -0.50615814153607, 0.00407277345966099, -0.006454601349334522, -0.002951602946727802, 0.9999748127721014], [0.36, -0.5569740826310589, -0.8305127513591962, -0.005333022084320008, 0.8305128044761586, -0.5569923211702912, 0.002834744425993216, -0.00532474374218305, -0.002850263951395903, 0.999981761392162], [0.37, -0.605807156326759, -0.7955979723752583, -0.004642813120430793, 0.7956005884981018, -0.6058191075420839, 0.0017066154794411854, -0.004170484716134147, -0.002659944980334005, 0.9999877658091332], [0.38, -0.6524563908697473, -0.7578169334773164, -0.0037620960537264082, 0.7578203307315228, -0.6524628932390207, 0.0007206209746003282, -0.003000726853000798, -0.0023808191153839617, 0.9999926636516644], [0.39, -0.696753493496917, -0.7173055085497119, -0.0027160123474955305, 0.7173083303293334, -0.6967558756708407, -9.474858667822366e-05, -0.0018244338783431507, -0.0020142346908886936, 0.9999963071524935], [0.4, -0.7385386998776637, -0.6742093410057434, -0.00153404793269949, 0.6742107723783183, -0.7385386397930621, -0.0007155145656105838, -0.0006505470698265918, -0.0015627068385850615, 0.9999985673766213], [0.41000000000000003, -0.7776613590435305, -0.6286833452142734, -0.00024923973640822797, 0.6286831860532994, -0.7776607170128234, -0.0011228573640942644, 0.0005120977717289131, -0.001029895615339654, 0.9999993385450712], [0.42, -0.8139804811067738, -0.5808911777782557, 0.0011027128448004423, 0.5808898672392988, -0.8139811193870107, -0.0013036254143394235, 0.0016548519380746372, -0.0004205709239238185, 0.9999985423010391], [0.43, -0.8473652454530332, -0.5310046784505723, 0.0024844077204887946, 0.5310032689276519, -0.8473688477733091, -0.0012506923197342827, 0.0027693331805633947, 0.0002594354164282142, 0.9999961317459164], [0.44, -0.8776954675640308, -0.4792032804953633, 0.003857745411799464, 0.47920336284860177, -0.877703372097535, -0.0009631525477142899, 0.0038475020170745887, 0.0010032899486366424, 0.999992095047321], [0.45, -0.9048620231295404, -0.42567339050078773, 0.005184952940784875, 0.4256769758732912, -0.9048750814351192, -0.00044635039492225937, 0.004881734200440255, 0.0018032295664870096, 0.999986458435236], [0.46, -0.9287672285474312, -0.3706077379620209, 0.006429598684998868, 0.370617104654037, -0.9287857011414445, 0.0002882590957439691, 0.005864888271283394, 0.0026506448501790645, 0.9999792883693622], [0.47000000000000003, -0.9493251773989185, -0.31420469549360763, 0.007557571474507082, 0.31422221189475863, -0.9493486739952931, 0.0012234114824044432, 0.0067903688256546225, 0.003536172147837269, 0.9999706927595746], [0.48, -0.9664620326834708, -0.25666757096729925, 0.00853799715615121, 0.25669550731859475, -0.9664895019239848, 0.002336491715199216, 0.007652182965750211, 0.00444979604390168, 0.9999608209381928], [0.49, -0.9801162751618986, -0.1982038737085192, 0.009344068175636945, 0.19824421630197295, -0.9801460450996962, 0.0036001359153664883, 0.008444990583188127, 0.005380959275995937, 0.999949862448957], [0.5, -0.9902389080531339, -0.13902455740752157, 0.00995376389661998, 0.13907883870362014, -0.9902687749944894, 0.004982960575357176, 0.00916414769192057, 0.006318679362484391, 0.9999380444250157], [0.51, -0.9967936186147909, -0.07934324314798329, 0.0103504423005037, 0.07941240019761293, -0.9968209784307543, 0.006450399633582308, 0.00980574239464908, 0.0072516706584591145, 0.9999256275788596], [0.52, -0.999756897087457, -0.019375426535766984, 0.010523287161392749, 0.019459698112584998, -0.9997789100278014, 0.00796562697170245, 0.010366623147924924, 0.00816847049589788, 0.9999129008140312], [0.53, -0.9991181134255721, 0.040662326579415896, 0.010467598672301863, -0.040563456456824666, -0.9991318910227198, 0.009490539580494128, 0.010844419075761396, 0.00905756801810308, 0.9999001745356365], [0.54, -0.9948795521094485, 0.10055319092329215, 0.01018491970525013, -0.10044099867854361, -0.9948823531248366, 0.010986775004518968, 0.011237552167408793, 0.009907534288968225, 0.9998877727952037], [0.55, -0.9870564051627583, 0.1600808940757756, 0.009682994307392142, -0.15995737066663576, -0.987045826819817, 0.0124167357499495, 0.011545241282587845, 0.010707152243612302, 0.9998760244621544], [0.56, -0.9756767233112859, 0.219030525084964, 0.008975559549397284, -0.2188982813536528, -0.97565087432913, 0.013744593151070635, 0.011767497976922793, 0.011445545049334808, 0.9998652536664898], [0.5700000000000001, -0.9607813250367837, 0.2771893344248915, 0.008081976326052632, -0.27705146401882813, -0.9607389682083198, 0.014937243745885967, 0.011905114248642242, 0.012112301465273232, 0.9998557698026391], [0.58, -0.9424236631289074, 0.33434752060467415, 0.007026709039343703, -0.33420742979211465, -0.9423643172892929, 0.015965192493619645, 0.011959642392871362, 0.012697596824460828, 0.9998478574205392], [0.59, -0.9206696482406086, 0.39029899918199645, 0.005838668154324328, -0.3901602152382992, -0.9205936422975702, 0.0168033391404161, 0.011933367231777707, 0.013192308311879872, 0.9998417663548999], [0.6, -0.8955974289262283, 0.4448421504953625, 0.004550433298734469, -0.4447081218581092, -0.8955059039717838, 0.01743164664989593, 0.011829271067062596, 0.013588123275677742, 0.9998377024555947], [0.61, -0.8672971276999322, 0.49778054306957065, 0.003197377779553926, -0.49765444504591694, -0.8671919868554585, 0.01783567379094846, 0.011650991775049743, 0.013877639384997514, 0.9998358192801516], [0.62, -0.835870532801837, 0.5489236303248989, 0.0018167180278412824, -0.5488081897406446, -0.8357543421068259, 0.01800695762946046, 0.011402774533222821, 0.014054455535749253, 0.999836211092809], [0.63, -0.8014307456002848, 0.5980874188880617, 0.000446513487394367, -0.5979847697231832, -0.8013065926794083, 0.01794323570415681, 0.011089417729969157, 0.014113252503926886, 0.9998389074836392], [0.64, -0.7641017838845557, 0.645095107418932, -0.0008753562194302716, -0.6450066872746492, -0.7639731040744218, 0.01764850197014931, 0.010716213666088164, 0.014049862453561764, 0.9998438698764989], [0.65, -0.7240181416997878, 0.6897776953924174, -0.0021122094177022897, -0.6897041897371542, -0.7238885235767243, 0.017132895051295366, 0.010288884707017757, 0.013861326521968512, 0.9998509901372554], [0.66, -0.6813243068265692, 0.7319745616779734, -0.0032295485034354527, -0.7319158994303869, -0.6811972904896427, 0.01641242183467768, 0.009813515588467565, 0.013545939827503701, 0.9998600914257388], [0.67, -0.6361742374890003, 0.7715340130175269, -0.004195987636436435, -0.7714894133856686, -0.6360531194183288, 0.015508523847725927, 0.009296482615018399, 0.013103283373615632, 0.9998709313584953], [0.68, -0.5887308003617335, 0.8083138026044994, -0.004984097145341083, -0.8082818694704235, -0.5886184581585608, 0.014447498063780737, 0.00874438052105318, 0.012534242456573554, 0.9998832074673571], [0.6900000000000001, -0.5391651724126809, 0.842181618912237, -0.005571142021042898, -0.842160475689523, -0.5390639212719458, 0.013259787674044368, 0.008163947785933521, 0.011841011322007933, 0.9998965648542211], [0.7000000000000001, -0.4876562095387343, 0.8730155447212282, -0.005939694710520681, -0.8730029997583575, -0.4875677000113519, 0.011979161840157496, 0.007561991210411279, 0.011027083956356524, 0.9999106058584417], [0.71, -0.4343897853047193, 0.9007044859735156, -0.006078105785934129, -0.9006982164320441, -0.43431494893947487, 0.010641806410394776, 0.006945310568638138, 0.010097231042542737, 0.9999249014732151], [0.72, -0.3795581033630355, 0.9251485696714072, -0.005980819864737786, -0.9251463105269702, -0.3794971493887771, 0.009285349965248267, 0.006320624149572599, 0.009057463253660915, 0.9999390041745638], [0.73, -0.3233589873006414, 0.9462595095743415, -0.005648528295083265, -0.9462592340617665, -0.32331144986305815, 0.007947851291773403, 0.005694495992847789, 0.007914981203006162, 0.9999524617639648], [0.74, -0.26599515172529986, 0.9639609379754275, -0.005088154487554623, -0.9639610164496464, -0.2659599835891293, 0.006666775424068614, 0.00507326560704793, 0.00667811251211988, 0.9999648317762362], [0.75, -0.20767345836514656, 0.9781887014010288, -0.004312672253830407, -0.9781880271664515, -0.2076491636891466, 0.005477985701304018, 0.004462980932678843, 0.005356236599254648, 0.9999756959699708], [0.76, -0.14860416082235178, 0.9888911177149833, -0.003340761986226985, -0.9888891907745503, -0.14858895684636203, 0.004414778875322363, 0.003869335277876671, 0.003959697927114002, 0.9999846744009562], [0.77, -0.08900014140660695, 0.9960291918588774, -0.0021963138601764666, -0.9960261545788264, -0.08899213685482099, 0.003506989156768462, 0.003297608912052945, 0.0024997085792635536, 0.9999914385796005], [0.78, -0.029076143196485105, 0.999576787351383, -0.0009077913480717635, -0.9995734095114113, -0.02907352004365804, 0.002780185250969071, 0.002752615951451703, 0.0009882411573869728, 0.999995723233287], [0.79, 0.030951999837434685, 0.9995207507340029, 0.000492527641042264, -0.999518365087714, 0.030950814788254122, 0.0022549815088114106, 0.002238656678754186, -0.0005620866098221167, 0.9999973362465503], [0.8, 0.09086813216257966, 0.9958609862810059, 0.0019694129070066523, -0.995861379320778, 0.0908643186637354, 0.0019464833893303377, 0.0017594775058920732, -0.002138135563869401, 0.9999961663135057], [0.81, 0.15045654327394536, 0.9886104789301678, 0.0034856221762301614, -0.98861574479925, 0.1504507730577594, 0.0018638797661096123, 0.0013182365172233516, -0.0037263738704804107, 0.9999921881778366], [0.8200000000000001, 0.20950272966470596, 0.9777952635007354, 0.005002895703113136, -0.977807631656979, 0.20949509449678783, 0.002010194518731967, 0.0009174765710376794, -0.005313010837647978, 0.9999854649840828], [0.8300000000000001, 0.2677941505207192, 0.963454339326575, 0.006482978147079866, -0.9634759884779308, 0.26778413836087267, 0.0023822037644791643, 0.0005591058369121432, -0.006884134011925142, 0.9999761477783083], [0.84, 0.3251209756428681, 0.9456395299350207, 0.007888640292839585, -0.94567240178452, 0.32510749688778384, 0.002970520968463652, 0.0002443859528239228, -0.008425848087875592, 0.9999644720608194], [0.85, 0.38127682417875697, 0.9244152882471962, 0.00918467318207494, -0.9244609146344985, 0.38125828631153014, 0.0037598476549847407, -2.6072103980802515e-05, -0.00992441414369709, 0.9999507514605892], [0.86, 0.4360594927403608, 0.8998584485615793, 0.010338827966061566, -0.8999178046654257, 0.4360339181795999, 0.004729382988455598, -0.0002523044287789031, -0.011366387712836849, 0.9999353687079887], [0.87, 0.48927167139261746, 0.8720579273153581, 0.011322676250155726, -0.8721313217519711, 0.4892368501715802, 0.005853381219469104, -0.0004349829700978861, -0.012738754216248895, 0.9999187641749621], [0.88, 0.5407216458340152, 0.8411143752715028, 0.012112367843059853, -0.8412013853184009, 0.5406753121744665, 0.007101842016589695, -0.0005753968536528339, -0.014029060312615225, 0.9999014223421168], [0.89, 0.5902239838688588, 0.8071397843124478, 0.012689265587468905, -0.8072392412910349, 0.5901640039292328, 0.008441315135185395, -0.0006754265084900311, -0.015225539773435343, 0.999883856631739], [0.9, 0.6376002040106739, 0.7702570524035623, 0.013040440258435596, -0.7703670786950718, 0.6375247612119286, 0.009835797807270097, -0.0007375109347871221, -0.016317232555197483, 0.9998665931079864], [0.91, 0.6826794237821208, 0.7305995105072992, 0.013159012281101497, -0.730717606008996, 0.6825871882107473, 0.011247700753282172, -0.0007646085279021777, -0.017294095820499653, 0.9998501535914062], [0.92, 0.7252989850134155, 0.688310415275272, 0.013044331137731856, -0.6884335875887179, 0.7251892544633665, 0.012638856883943877, -0.0007601519423480604, -0.018147105752382688, 0.9998350387611825], [0.93, 0.7653050532131564, 0.6435424112267794, 0.01270198769354618, -0.6436673407580373, 0.765177855381896, 0.013971545625859406, -0.0007279975417998144, -0.01886834910959629, 0.9998217118236601], [0.9400000000000001, 0.8025531879167046, 0.5964569658572751, 0.012143659153930161, -0.5965801945219498, 0.8024093359765335, 0.015209505397287923, -0.0006723700365700198, -0.019451103583367324, 0.99981058331091], [0.9500000000000001, 0.8369088808255334, 0.5472237807352489, 0.011386790851838776, -0.5473419112764037, 0.8367499778574361, 0.016318907089741343, -0.0005978029580240313, -0.019889906136794793, 0.9998019975366237], [0.96, 0.868248058552438, 0.49602018117832797, 0.010454123433646448, -0.4961300733425859, 0.8680764499236077, 0.017269262466349057, -0.0005090756599651297, -0.02018060863477609, 0.9997962211821604], [0.97, 0.8964575468879423, 0.44303048658879735, 0.0093730781482117, -0.4431294366195441, 0.8962762233201629, 0.01803424313957571, -0.00041114757017425996, -0.020320420203956344, 0.9997934344122472], [0.98, 0.9214354937017993, 0.3884453630210085, 0.008175016454386362, -0.38853125409636025, 0.9212479512654094, 0.01859238767954667, -0.0003090903785556093, -0.020307935315879135, 0.9997937248384664], [0.99, 0.9430917479294088, 0.3324611590905891, 0.006894395091631079, -0.33253257241288287, 0.9429018141986678, 0.018927679874116227, -0.00020801924985703072, -0.020143149631778545, 0.9997970845381521], [1.0, 0.9613481923621575, 0.2752792259361392, 0.005567837116825776, -0.2753355049170082, 0.961159830412521, 0.019029979863820386, -0.0001130232524800029, -0.01982745998662741, 0.9998034102044112], [1.01, 0.9761390286100771, 0.2171052217351263, 0.00423314537062808, -0.21714648506894052, 0.9759561320690615, 0.018895298336176695, -2.90962473772265e-05, -0.01936365080118882, 0.9998125065137313], [1.02, 0.9874110128953955, 0.15814840107851633, 0.0029282843911221934, -0.15817550410077671, 0.9872372058978116, 0.018525906018995012, 3.8931115069268645e-05, -0.018755866486734354, 0.9998240925067656], [1.03, 0.9951236419793045, 0.09862088959143703, 0.0016903580611753381, -0.098635336970472, 0.9949620975297452, 0.017930275521230672, 8.645752039999368e-05, -0.01800957011534119, 0.9998378108021789], [1.04, 0.9992492889914075, 0.03873694435375622, 0.0005546103953282649, -0.03874076059511993, 0.9991025779344109, 0.017122857054708937, 0.00010917448518386877, -0.01713148876596505, 0.9998532393176427], [1.05, 0.9997732894166769, -0.021287798992688112, -0.0004465237396868348, 0.021292231783667636, 0.9996432700505424, 0.016123694017632403, 0.00010312649402875531, -0.016129546092515074, 0.9998699050917679], [1.06, 0.9966939779196576, -0.08123709110935443, -0.0012842925049632583, 0.08124721647153738, 0.9965817334174704, 0.014957888711846317, 6.47670827234909e-05, -0.01501278279264973, 0.9998872997285767], [1.07, 0.9900226770373572, -0.14089484391087642, -0.0019344021148743978, 0.1409081220916522, 0.9899285044627399, 0.013654932485918097, -8.989788609810746e-06, -0.013791265783847132, 0.9999048959314534], [1.08, 0.9797836390365224, -0.20004591310911657, -0.0023776721937703556, 0.20006000625440862, 0.9797070901022973, 0.012247918237282824, -0.00012072368128712122, -0.012475987015101065, 0.9999221645579037], [1.09, 0.9660139424011802, -0.25847688524600726, -0.002600553851434345, 0.25848982349074184, 0.9659539124755021, 0.010772656370535242, -0.00027246749708522756, -0.011078752956667806, 0.9999385916118404], [1.1, 0.9487633444910816, -0.3159768655265321, -0.002595496542322452, 0.315987182174076, 0.9487182029670617, 0.009266717909413783, -0.00046567366329572607, -0.009612065914941006, 0.9999536945964359], [1.11, 0.9280940918970991, -0.3723382622540642, -0.0023611538290106595, 0.3723450884897227, 0.9280618441496097, 0.00776843042626845, -0.0007011871084858199, -0.008088998413333904, 0.9999670376774376], [1.12, 0.9040806899284664, -0.4273575632735746, -0.0019024224954890595, 0.42736067579520637, 0.9040591588914573, 0.006315853730553456, -0.0009792253791536094, -0.00652306196152622, 0.99997824515352], [1.1300000000000001, 0.8768096325163759, -0.4808360995745501, -0.0012303139346238375, 0.4808359179325187, 0.8767966465812687, 0.00494576281078488, -0.001299366167238313, -0.004928071602737602, 0.9999870127945603], [1.1400000000000001, 0.8463790936308427, -0.5325807911159851, -0.00036166124461042197, 0.5325783251911499, 0.846372667185831, 0.003692665335965554, -0.00166054243373648, -0.003318007680077803, 0.999993116688216], [1.1500000000000001, 0.8128985811068437, -0.5824048700205686, 0.000681330111139281, 0.582401621672685, 0.812897074634634, 0.002587880097001173, -0.0020610452257284837, -0.0017068762973050185, 0.9999964193264888], [1.16, 0.77648855358778, -0.6301285765428783, 0.0018716760178679745, 0.6301264027748317, 0.7764908017719986, 0.0016587011310996577, -0.0024985341944217237, -0.00010856996582292422, 0.9999968727647875], [1.17, 0.737280001140577, -0.6755798236324582, 0.003178335851195276, 0.6755807714011699, 0.7372853997885275, 0.0009276699666788133, -0.0029700557311888747, 0.0014632700720315405, 0.9999945187897509], [1.18, 0.695413990001916, -0.7185948264646743, 0.004567043648783955, 0.7186009513279797, 0.695422535604482, 0.00041197551590958716, -0.0034720685488166523, 0.0029953883734709684, 0.9999894861389066], [1.19, 0.6510411718918709, -0.7590186939648925, 0.006001225986449117, 0.7590318759378328, 0.6510534510942332, 0.00012299770591335394, -0.004000476447377418, 0.004475045247823833, 0.9999819849167666], [1.2, 0.6043212583936358, -0.7967059800664572, 0.007442981909013451, 0.796727750285401, 0.60433838829587, 6.600707168873078e-05, -0.004550667919750005, 0.005890140755157945, 0.9999722984479061], [1.21, 0.5554224610488111, -0.8315211931755576, 0.008854098607537032, 0.8315525842180213, 0.555445984832459, 0.00024002833952726675, -0.005117562172147352, 0.007229331446957728, 0.9999607728926257], [1.22, 0.5045208980551373, -0.8633392630217133, 0.010197075584970067, 0.8633806940570529, 0.5045526436845585, 0.0006378716228534953, -0.0056956610610255035, 0.008482138631898926, 0.9999478050223573], [1.23, 0.4517999687687822, -0.8920459647095375, 0.011436129836015085, 0.8920971701800527, 0.4518418812118488, 0.0012463303524391676, -0.006279106380477425, 0.009639047050214726, 0.9999338286080208], [1.24, 0.39744969759102616, -0.917538300318522, 0.01253815508819979, 0.9175983077484764, 0.39750365694966633, 0.0020465405910149604, -0.0068617418743755305, 0.010691592952215471, 0.9999192999128528], [1.25, 0.3416660492395458, -0.9397248387940502, 0.013473609394193885, 0.9397919978169293, 0.34173368823758943, 0.0030144920582536516, -0.007437179295640464, 0.011632440698369405, 0.9999046828008629], [1.26, 0.28465021784391875, -0.958526015116032, 0.014217307295384106, 0.9585980761481872, 0.284732752211897, 0.004121677131248621, -0.007998867791469454, 0.012455447128073428, 0.9998904339728607], [1.27, 0.226607892737833, -0.9738743898137389, 0.014749095340723169, 0.9739486272466141, 0.22670597715500795, 0.005335860395657215, -0.00854016585832498, 0.013155713080026691, 0.9998769888241259], [1.28, 0.1677485042211781, -0.9857148698210456, 0.015054392873473911, 0.9857882414081618, 0.16786212468661027, 0.006621948101070162, -0.009054415084018413, 0.013729621587227691, 0.9998647483825551], [1.29, 0.10828445290969152, -0.994004891450913, 0.015124583607735036, 0.9940742229577018, 0.10841286384394738, 0.007942934205637263, -0.009535014876239895, 0.014174862412465728, 0.9998540677351357], [1.3, 0.048430326557526715, -0.9987145659376985, 0.014957247510338365, 0.9987767482883686, 0.048572037767804666, 0.009260897649545088, -0.00997549736723503, 0.014490442734339068, 0.9998452462863034], [1.31, -0.011597891586837383, -0.9998267875850166, 0.014556226775846955, 0.9998789728119419, -0.011445076486989614, 0.010538024128214545, -0.010369601682795732, 0.014676683938031633, 0.9998385201167774], [1.32, -0.0715836187577803, -0.9973373041069176, 0.013931524665042714, 0.997377086457397, -0.07142251453650783, 0.011737625153431767, -0.010711346904144303, 0.01473520516430789, 0.9998340566281341], [1.33, -0.1313104688858427, -0.9912547482817007, 0.013099037663100747, 0.9912803178216598, -0.13114437710390264, 0.01282512655514704, -0.010995102460017817, 0.014668891599182941, 0.9998319515593019], [1.34, -0.19056304507907185, -0.9816006297323625, 0.012080131538241114, 0.9816108877423209, -0.19039558742455198, 0.013769000463098011, -0.011215655784867723, 0.014481851299104134, 0.9998322284598683], [1.35, -0.2491277246349911, -0.9684092851182349, 0.010901070330877395, 0.9684039132172992, -0.24896265242214033, 0.01454161558188574, -0.011368276166192475, 0.014179358768973216, 0.9998348404117989], [1.36, -0.3067934331550748, -0.9517277850850956, 0.009592314131530144, 0.9517072632716435, -0.30663442594097146, 0.015119982946638386, -0.011448774143044247, 0.013767786507865015, 0.9998396739706584], [1.37, -0.36335240468261665, -0.9316157960921604, 0.008187704447662035, 0.931581368476348, -0.3632028717565936, 0.01548637713251523, -0.01145355579228516, 0.013254525284813728, 0.9998465550475131], [1.3800000000000001, -0.4186009251812266, -0.9081453954149914, 0.006723558981826222, 0.9080989860913751, -0.41846382350772715, 0.015628816222684753, -0.011379671289181725, 0.01264789402448974, 0.9998552564644082], [1.3900000000000001, -0.47234005706368215, -0.8814008378781305, 0.0052377000829648395, 0.8813449228852551, -0.47221773812146733, 0.01554138762083714, -0.011224857184538544, 0.011957040291264107, 0.9998655068508022], [1.4000000000000001, -0.5243763428577382, -0.8514782733047228, 0.00376844292355691, 0.8514157176936217, -0.5242704387976779, 0.015224410926590081, -0.010987571902622383, 0.011191832460079305, 0.9998770005209574], [1.41, -0.5745224864287444, -0.8184854142340281, 0.002353570547633556, 0.8184192857004746, -0.5744338432124209, 0.014684433464422657, -0.010667024031862291, 0.010362744752111599, 0.999889407954672], [1.42, -0.6225980104481614, -0.7825411541250035, 0.001029323297671243, 0.7824745262780711, -0.6225266723265244, 0.013934058551798474, -0.010263193053420949, 0.009480736391456572, 0.9999023864985904], [1.43, -0.6684298889919175, -0.743775137005198, -0.00017057024929801462, 0.7437108960323963, -0.6683751350724192, 0.012991611088457693, -0.009776842230556602, 0.008557126204660502, 0.9999155909206409], [1.44, -0.7118531542590176, -0.7023272802852099, -0.001215794815343175, 0.7022679484836445, -0.7118135842481423, 0.011880649424652234, -0.009209523463573212, 0.007603464036766351, 0.9999286834722669], [1.45, -0.7527114764232737, -0.6583472532062832, -0.0020802582158086316, 0.6582948416012734, -0.7526851391799594, 0.010629336602366337, -0.008563574000192814, 0.0066314003946425755, 0.9999413431531652], [1.46, -0.7908577155691356, -0.6119939140693251, -0.002742787670425065, 0.6119498142263009, -0.7908422711090576, 0.009269687847667987, -0.00784210497847612, 0.005652555749817898, 0.9999532739185022], [1.47, -0.826154444532213, -0.5634347099744506, -0.0031876939404960414, 0.5633996322782593, -0.8261473477965151, 0.007836714521207155, -0.007048981867876897, 0.004678390938294598, 0.9999642116245139], [1.48, -0.8584744412797217, -0.5128450432439141, -0.0034051881580846348, 0.5128190055744818, -0.8584731344900054, 0.006367487517005246, -0.006188796962560896, 0.0037200800834625166, 0.9999739295667179], [1.49, -0.8877011492502509, -0.46040760898729305, -0.003391640177023611, 0.46038997610105226, -0.8877032491203296, 0.00490014526165649, -0.0052668341685566025, 0.002788387440199082, 0.9999822425273496], [1.5, -0.9137291038475454, -0.4063117083814469, -0.0031496715385896847, 0.40630127867272625, -0.9137325703503615, 0.003472872948822135, -0.0042890264115067744, 0.0018935495137597492, 0.9999890093092871], [1.51, -0.9364643230761418, -0.3507525421791443, -0.002688080590817466, 0.3507476751044295, -0.9364675978401291, 0.0021228804081646004, -0.003261906073562056, 0.0010451637466720926, 0.9999941337919745], [1.52, -0.9558246601333912, -0.2939304887359427, -0.002021601333599775, 0.2939292632781571, -0.9558267647665084, 0.0008854063273471256, -0.0021925485768697905, 0.0002520854112894473, 0.9999975645886836], [1.53, -0.9717401157220981, -0.23605037050443048, -0.0011705044838891555, 0.23605076284433754, -0.9717407032834584, -0.00020722547690873324, -0.0010885111997688312, -0.0004776677852467024, 0.999999293487989], [1.54, -0.9841531076680413, -0.17732071241540065, -0.00016004842731048928, 0.1773207796149151, -0.9841524638891574, -0.0011264711834091054, 4.2234618678326285e-05, -0.0011370000277575933, 0.9999993527232113], [1.55, -0.9930186957672269, -0.11795299512257057, 0.0009802030911954449, 0.11795105121048743, -0.9930176902707821, -0.001848330963748956, 0.0011913751827673195, -0.0017198112179621305, 0.9999978114347441], [1.56, -0.998304759679486, -0.05816090542204328, 0.0022171787410244235, 0.05815567683724964, -0.9983047510537498, -0.0023539912721933175, 0.002350330334846642, -0.0022210591609213453, 0.9999947714079901], [1.57, -0.9999921281210707, 0.001840414339009663, 0.0035151914335906777, -0.0018496654917649394, -0.9999948300420406, -0.0026303282344373653, 0.0035103323664000285, -0.002636809457103802, 0.9999903623547711], [1.58, -0.9980746579065276, 0.06183511656287346, 0.004836900282811879, -0.061848510660714666, -0.9980819763163913, -0.0026702586653992895, 0.004662507237686385, -0.0029642725826967567, 0.9999847369406375], [1.59, -0.9925592618284489, 0.12160739750646092, 0.006144316906355172, -0.12162440318454619, -0.9925731152769158, -0.0024729293270885177, 0.005797957273305008, -0.0032018277841611062, 0.9999780657545809], [1.6, -0.9834658848495041, 0.1809422445604815, 0.007399829093717122, -0.18096169490190175, -0.9834880213340937, -0.0020437393669048435, 0.006907844485245865, -0.0033490335596582585, 0.9999705323952319], [1.61, -0.9708274285992895, 0.2396261812003758, 0.008567214404993457, -0.23964633948283917, -0.970859252513914, -0.0013941953395745664, 0.00798347366828859, -0.0034066246482055453, 0.9999623288188105], [1.62, -0.9546896246935707, 0.29744800908038244, 0.009612616533459576, -0.29746667963809453, -0.9547320467920107, -0.0005416026942150435, 0.009016374414909507, -0.0033764955957155673, 0.9999536510608658], [1.6300000000000001, -0.9351108578992406, 0.35419954656346525, 0.010505458258753554, -0.3542142230518264, -0.9351641795512833, 0.0004913980167287936, 0.009998381208064821, -0.0032616711139344624, 0.9999446954081048], [1.6400000000000001, -0.912161940630158, 0.4096763626630365, 0.011219266509559697, -0.40968440329073014, -0.9122257812092197, 0.0016774377935754915, 0.010921710770143025, -0.0030662635922544413, 0.9999356550605846], [1.6500000000000001, -0.8859258406551404, 0.4636785049420763, 0.011732387400979127, -0.4636773222547198, -0.8859991138208798, 0.002985152470336634, 0.011779035874740816, -0.002795418261974314, 0.9999267172901046], [1.6600000000000001, -0.8564973642124336, 0.5160112194046957, 0.012028572050840016, -0.5159984711084642, -0.8565783053593717, 0.004380022984398458, 0.012563554864402004, -0.002455246646524356, 0.9999180610695175], [1.67, -0.8239827969438089, 0.5664856598643522, 0.012097417433878913, -0.566459427045837, -0.8240690404263565, 0.005825300125175747, 0.013269056161692662, -0.002052749058150078, 0.9999098551218226], [1.68, -0.7884995051810894, 0.6149195837250123, 0.011934650411878711, -0.614878523665294, -0.7885882063577626, 0.007282988978031438, 0.013889977112456568, -0.001595727020300404, 0.9999022563185419], [1.69, -0.7501755001388968, 0.6611380306100225, 0.011542247279244298, -0.6610814931473119, -0.7502634940585096, 0.008714866667685839, 0.014421456558717355, -0.0010926866045634044, 0.9998954083435464], [1.7, -0.7091489675012558, 0.7049739798605537, 0.010928385574569616, -0.7049020788022804, -0.7092329534114609, 0.010083506100177768, 0.014859380603463253, -0.0005527337697333557, 0.9998894405349289], [1.71, -0.6655677647471309, 0.746268982634897, 0.0101072294117, -0.7461826168758455, -0.6656445037296896, 0.011353278229981258, 0.015200421100093748, 1.4537122294070934e-05, 0.9998844668194666], [1.72, -0.6195888883635529, 0.7848737642005207, 0.009098554057170251, -0.7847745867439991, -0.6196554004254071, 0.012491305945442453, 0.015442066474769282, 0.0005991603647620639, 0.9998805846648163], [1.73, -0.5713779128661556, 0.820648792038789, 0.007927219803742818, -0.8205391287907973, -0.5714316598107861, 0.013468343957362499, 0.015582644569511517, 0.0011909202286251004, 0.9998778739911459], [1.74, -0.5211084033110474, 0.853464805583541, 0.0066225092447279145, -0.8533475293338182, -0.5211474446815629, 0.014259561058564938, 0.015621337276826009, 0.001779475193166371, 0.9998763960058052], [1.75, -0.46896130276389214, 0.8832033037830912, 0.005217345730411645, -0.8830816719492319, -0.4689844140192714, 0.014845203743781857, 0.015558186821955509, 0.0023544836967304287, 0.9998761919503732], [1.76, -0.4151242960150062, 0.9097569871929029, 0.0037474139859700797, -0.9096344544590566, -0.4151310407409752, 0.015211123368562883, 0.015394093635687571, 0.0029057300032121706, 0.9998772817771832], [1.77, -0.3597911507129593, 0.9330301519453573, 0.0022502065024697, -0.93291017069323, -0.35978190189121084, 0.015349152696719359, 0.015130805847960317, 0.003423248778907836, 0.9998796628004916], [1.78, -0.3031610370484144, 0.9529390336674167, 0.0007640213073195276, -0.9528248559485605, -0.30313694598283253, 0.015257321738248168, 0.014770900519367075, 0.0038974469886606253, 0.9998833083938523], [1.79, -0.24543782716365065, 0.9694121001847241, -0.0006730619761250748, -0.9693065948588312, -0.2454007423352968, 0.01493990710340564, 0.014317756813099849, 0.004319221749693864, 0.9998881668282276], [1.8, -0.18682937559360213, 0.9823902926170682, -0.002024200293006569, -0.9822957901902192, -0.18678171722593095, 0.014407313575952726, 0.01377552139297064, 0.004680072825699174, 0.9998941603632199], [1.81, -0.12754678225679017, 0.9918272151909682, -0.00325477222250942, -0.9917453909084515, -0.1274913814690769, 0.01367579111794959, 0.013149066413036044, 0.00497220850204165, 0.999901184715185], [1.82, -0.06780363979812293, 0.9976892747295996, -0.004333303520710707, -0.9976210777513217, -0.06774355368816715, 0.012766994937746873, 0.01244394054021631, 0.005188643654619105, 0.9999091090297194], [1.83, -0.007815267423465166, 0.9999557712941388, -0.005232308325695994, -0.999901404501298, -0.007753583075307269, 0.011707400462849578, 0.011666313522400535, 0.005323288909098638, 0.999917776481526], [1.84, 0.05220206626004931, 0.9986189418256933, -0.005929023973736843, -0.9985778932089694, 0.05226242512534052, 0.010527589207493176, 0.01082291516574706, 0.0053710303590573105, 0.9999270056160923], [1.85, 0.11203192852027505, 0.9936839587848209, -0.006406017880905388, -0.993655081707027, 0.11208837875229366, 0.009261423530960823, 0.00992096815666102, 0.005327797081799614, 0.9999365924839563], [1.86, 0.17145851262179446, 0.9851688860200961, -0.0066516528812541045, -0.9851505221741864, 0.17150896045803377, 0.007945134431854699, 0.00896811730841834, 0.005190618376974607, 0.9999463137446005], [1.87, 0.23026742922771515, 0.9731045936422872, -0.006660396946933771, -0.973094729518374, 0.23031038052043185, 0.006616345399775046, 0.007972354656837396, 0.004957668319427209, 0.9999559305811494], [1.8800000000000001, 0.2882464952534621, 0.9575346337847822, -0.00643296938998138, -0.9575310790989716, 0.2882811197133393, 0.005313058894459543, 0.006941941521544784, 0.004628297516353669, 0.9999651935584786], [1.8900000000000001, 0.34518651616763013, 0.9385150785566477, -0.005976319649467179, -0.9385156535642284, 0.34521266155388347, 0.004072632623024261, 0.005885328338564323, 0.004203051674916772, 0.9999738483008713], [1.9000000000000001, 0.400882057662118, 0.9161143211391838, -0.0053034392479095515, -0.9161170391603097, 0.40090021345595367, 0.0029307730542778424, 0.0048110730935232845, 0.003683676728585828, 0.9999816418920027], [1.9100000000000001, 0.45513220264321613, 0.8904128405084017, -0.004433011963439592, -0.8904160723777754, 0.455143416375879, 0.001920573144501282, 0.003727759198836976, 0.0030731104156642972, 0.999988329843855], [1.92, 0.5077412896281124, 0.8615029298300244, -0.0033889115915029804, -0.8615055383153537, 0.507747042436602, 0.0010716200660458345, 0.0026439136642005096, 0.002375460350590845, 0.9999936834447349], [1.93, 0.5585196288636056, 0.8294883881814165, -0.002199560747557296, -0.829489822603069, 0.5585216797735661, 0.00040919685873482675, 0.001567926406273912, 0.0015959687766063085, 0.9999974972527055], [1.94, 0.6072841928036037, 0.794484174972808, -0.0008971678822749723, -0.7944845191426675, 0.6072844034809284, -4.640058524471596e-05, 0.0005079715315177256, 0.0007409643354874423, 0.9999995964790853], [1.95, 0.6538592779673399, 0.7566160262748179, 0.00048313705574245483, -0.7566159962496627, 0.6538594310775306, -0.00028041287424824244, -0.0005280685950246211, -0.0001821986652650652, 0.9999998439842314], [1.96, 0.6980771356327901, 0.7160200322462968, 0.0019042451548294513, -0.7160209240188158, 0.6980787604001898, -0.00028401805245673105, -0.00153267571224401, -0.0011652128667801744, 0.9999981466007898], [1.97, 0.7397785692709775, 0.6728421749996315, 0.003328064014609921, -0.6728457658692867, 0.7397827873061518, -5.4573332776933e-05, -0.0024987637129578835, -0.00219890159870714, 0.9999944605009574], [1.98, 0.7788134970747983, 0.6272378265458731, 0.004716539472509992, -0.6272