[[0.0, 1.0, 0.0, 0.0, 0.0, 1.0, 0.0, 0.0, 0.0, 1.0], [0.01, 0.9999989611899963, -0.0009607895891660179, 0.0010744776840098534, 0.0010235262465621206, 0.9981979458648674, -0.05999844385633271, -0.0010148955368329497, 0.05999948128545997, 0.9981978923202176], [0.02, 0.9999956853823774, -0.0018363717012370511, 0.0022928049770262094, 0.0020977821964739338, 0.9927985709108006, -0.11977728042657737, -0.002056337896343258, 0.11978157343892964, 0.9927981396729192], [0.03, 0.9999899215473967, -0.0026170005479517525, 0.0036480284751928323, 0.00322813225933736, 0.9838218046522448, -0.17912072982463215, -0.0031202509097864213, 0.17913070088325075, 0.9838203372747117], [0.04, 0.9999814053011845, -0.00329339398769743, 0.005132505031670529, 0.004419542168320324, 0.9713005062946068, -0.23781462133109643, -0.0042019874917428495, 0.2378328825622566, 0.9712970005478433], [0.05, 0.9999698623138605, -0.0038567757317094515, 0.006737933284119776, 0.005676524007987037, 0.9552803404575326, -0.29564716844663785, -0.005296370377220505, 0.29567650636512066, 0.9552734435984974], [0.06, 0.9999550118592566, -0.004298915510671719, 0.008455387807287187, 0.007003085450936827, 0.9358196063710644, -0.352409734720337, -0.006397738014829278, 0.3524530942649299, 0.935807611259577], [0.07, 0.999936570477887, -0.004612167045815836, 0.0102753557625143, 0.008402683682221771, 0.9129890212732271, -0.40789758756515626, -0.007499995189416416, 0.40795805538030416, 0.9129698653966968], [0.08, 0.9999142557104944, -0.004789503678123729, 0.012187775901508373, 0.009878184446514403, 0.8868714588935817, -0.4619106373228386, -0.008596667898016642, 0.4619914242217788, 0.8868427263312048], [0.09, 0.9998877898624068, -0.0048245515187548636, 0.014182079773159384, 0.011431826604467855, 0.8575616440748124, -0.5142541589060493, -0.009680961963294626, 0.5143585814529837, 0.8575205704011524], [0.1, 0.9998569037580832, -0.00471161999378229, 0.016247234974259516, 0.01306519253260048, 0.8251658047420861, -0.564739493420114, -0.010745824833892062, 0.5648709545740116, 0.8251092848388385], [0.11, 0.9998213404452296, -0.004445729666692472, 0.018371790277719253, 0.01477918464586233, 0.7898012825817724, -0.6131847272505767, -0.01178400999156554, 0.6133466960210118, 0.7897258812959094], [0.12, 0.9997808588082712, -0.004022637232830013, 0.02054392246529417, 0.016574008264329816, 0.7515961039361655, -0.659415346195402, -0.012788143360976832, 0.6596113362713234, 0.7514980694930024], [0.13, 0.9997352370518017, -0.003438857590999287, 0.02275148468595394, 0.01844916098577896, 0.71068851255868, -0.7032648623214587, -0.013750791099685192, 0.7034984096467939, 0.710563792610159], [0.14, 0.9996842760158382, -0.00269168290872048, 0.024982056155849936, 0.020403428664773487, 0.6672264660041751, -0.7445754113333765, -0.014664528133446274, 0.7448500506186895, 0.6670707261662177], [0.15, 0.9996278022863186, -0.001779198609128372, 0.027222993011378246, 0.02243488803694929, 0.6213670975512872, -0.7831983183583978, -0.015522006795444417, 0.7835175585352009, 0.6211757422598244], [0.16, 0.9995656710662504, -0.0007002962191505948, 0.029461480123094227, 0.02454091596496405, 0.5732761456676307, -0.818994630172889, -0.01631602492761658, 0.8193619288163394, 0.5730443411612147], [0.17, 0.9994977687752432, 0.0005453169696383285, 0.03168458367521418, 0.026718205220690912, 0.5231273531342312, -0.8518356120241259, -0.017039592807754224, 0.8522543487903917, 0.5228500523522684], [0.18, 0.9994240153478053, 0.001957111464264777, 0.033879304313136314, 0.028962786657244746, 0.47110183804242156, -0.8816032073342603, -0.01768599827752393, 0.882076656480447, 0.4707738072122949], [0.19, 0.9993443662037296, 0.003533732382632831, 0.036032630659823366, 0.03127005756490202, 0.4173874389645357, -0.9081904587114241, -0.018248869463805835, 0.9087217607882113, 0.4170032856383976], [0.2, 0.9992588138671255, 0.0052729995279232975, 0.038131593001004334, 0.03363481594745915, 0.3621780366789776, -0.9315018888351714, -0.018722234508633577, 0.9320940216648157, 0.36173223897195567], [0.21, 0.9991673892141095, 0.007171910726428527, 0.040163316938964654, 0.03605130040059585, 0.3056728549006264, -0.9514538399293335, -0.019100577751303312, 0.9521095890040074, 0.3051597916766456], [0.22, 0.9990701623328346, 0.009226648418447121, 0.0421150768151906, 0.03851323522186996, 0.24807574252901687, -0.9679747706843219, -0.019378891839626745, 0.9686966991414717, 0.24748972427846117], [0.23, 0.9989672429833899, 0.011432589480297165, 0.04397434870330297, 0.04101388033354025, 0.18959443997937003, -0.9810055096424459, -0.019552725285512638, 0.9817959279945216, 0.18892974013432934], [0.24, 0.9988587806490652, 0.01378431824409617, 0.045728862775541605, 0.043546085554928615, 0.1304398322053915, -0.9904994642133877, -0.019618225022709733, 0.9913604000285219, 0.12969071864317636], [0.25, 0.9987449641745619, 0.016275642670729965, 0.04736665484853263, 0.04610234872089459, 0.07082519105787866, -0.9964227846421239, -0.019572173571229503, 0.9973559523897182, 0.06998595755169723], [0.26, 0.9986260209908551, 0.0188996136204181, 0.04887611691716651, 0.04867487710755816, 0.01096540964970058, -0.9987544824078177, -0.019412020463252497, 0.9997612536981729, 0.010030407036661387], [0.27, 0.9985022159285714, 0.02164854715218973, 0.05024604648758077, 0.05125565159428757, -0.048923768581731114, -0.9974865026871824, -0.01913590763663213, 0.9985678771468971, -0.04996010173089768], [0.28, 0.9983738496399027, 0.024514049784605564, 0.0514656945329809, 0.05383649297467987, -0.10862652342648, -0.9926237506869695, -0.01874268856891843, 0.9937803277217947, -0.10976963083555606], [0.29, 0.998241256610938, 0.02748704661674712, 0.05252481188226808, 0.05640912979098479, -0.1679277313534014, -0.9841840717639597, -0.018231940960926587, 0.9854160234672217, -0.1691829099466275], [0.3, 0.9981048028205807, 0.03055781222189466, 0.05341369387795024, 0.058965267072777175, -0.22661373617864056, -0.9721981854792672, -0.017603972861601817, 0.9735052309476078, -0.22798610802441244], [0.31, 0.9979648830359976, 0.033716004204496115, 0.05412322313299506, 0.061496655340505295, -0.28447311426967076, -0.9567095738177389, -0.0168598221744084, 0.9580909551358217, -0.28596759969977387], [0.32, 0.99782191777993, 0.036950699304748126, 0.05464491022681767, 0.06399515923608176, -0.34129743162950776, -0.9377743239992626, -0.01600124954981372, 0.939228784151559, -0.34291872364869935], [0.33, 0.9976763499948849, 0.040250431925911205, 0.054970932186899, 0.06645282514557108, -0.3968819902353921, -0.9154609264473288, -0.01503072472940737, 0.9169866894079799, -0.3986345303125873], [0.34, 0.9975286414343564, 0.0436032349509946, 0.055094168610105854, 0.06886194718855582, -0.45102656104409783, -0.889850028632375, -0.013951406467842545, 0.8914447818734743, -0.45291451635272856], [0.35000000000000003, 0.9973792688141655, 0.04699668270731488, 0.055008235285726306, 0.07121513096394788, -0.5035361011212732, -0.8610341456553252, -0.012767116218222765, 0.8626950252998542, -0.5055633432730023], [0.36, 0.9972287197596332, 0.050417935929713546, 0.05470751519062419, 0.07350535446280629, -0.5542214524048072, -0.8291173285818993, -0.01148230582427933, 0.8308409074101222, -0.5563915376981072], [0.37, 0.9970774885865917, 0.05385378856593361, 0.054187186735730655, 0.07572602558494487, -0.6029000196720568, -0.7942147916803893, -0.010102019518170604, 0.7959970701779698, -0.6052161708556084], [0.38, 0.9969260719561808, 0.057290716260818095, 0.05344324915231597, 0.07787103572752004, -0.6493964253477467, -0.756452499854357, -0.008631850575478446, 0.7582889004670351, -0.6518615148785449], [0.39, 0.9967749644449647, 0.060714926349628676, 0.05247254491609557, 0.07993480895010387, -0.6935431388633918, -0.7159667176967778, -0.007077893028500617, 0.7178520824304587, -0.6961596736212202], [0.4, 0.9966246540730666, 0.0641124091849032, 0.051272779117199054, 0.0819123462616342, -0.7351810783600448, -0.6729035217231585, -0.005446688884789233, 0.6748321132000334, -0.7379511857638843], [0.41000000000000003, 0.9964756178338128, 0.06746899061590113, 0.04984253569435405, 0.08379926461973423, -0.7741601826140094, -0.6274182774678193, -0.003745171339641383, 0.6293837835190587, -0.77708559807226], [0.42, 0.9963283172687372, 0.07077038543484548, 0.04818129046227581, 0.08559183028179482, -0.8103399511597111, -0.579675083249444, -0.001980604508530062, 0.5816706250934809, -0.8134220067750197], [0.43, 0.9961831941317545, 0.07400225159987617, 0.04628942087219262, 0.08728698619947634, -0.8435899506850972, -0.5298461825288608, -0.00016052023792021905, 0.5318643265517468, -0.8468295651262947], [0.44, 0.9960406661858323, 0.07715024504090887, 0.04416821245664319, 0.08888237320344075, -0.8737902858826492, -0.47811134689342666, 0.001707347419751197, 0.4801441200146577, -0.8771879553308644], [0.45, 0.9959011231746098, 0.08020007485146143, 0.04181986192113567, 0.09037634478267008, -0.900832033053121, -0.4246572318080039, 0.0036151294592052206, 0.4266961403820438, -0.9043878231266675], [0.46, 0.9957649230101041, 0.0831375586669927, 0.03924747685691893, 0.09176797532214064, -0.9246176348793936, -0.36967670737195746, 0.005554890279476702, 0.3717127595428885, -0.9283311734424599], [0.47000000000000003, 0.9956323882159451, 0.08594867802841256, 0.036455072060966556, 0.0930570617233656, -0.9450612549141059, -0.31336816641448717, 0.007518696510414502, 0.3153918978092688, -0.9489317256775857], [0.48, 0.9955038026634769, 0.08861963352819115, 0.03344756246126926, 0.0942441183938335, -0.9620890904568108, -0.2559348123465619, 0.009498685669107332, 0.25793631496171654, -0.9661152272856711], [0.49, 0.9953794086356049, 0.09113689953593676, 0.030230752657642072, 0.09533036565309685, -0.9756396426340777, -0.19758392926635845, 0.011487134008002888, 0.19955288337396446, -0.979819724484283], [0.5, 0.9952594042504375, 0.09348727830044608, 0.02681132310044119, 0.09631771166463103, -0.9856639426389073, -0.1385261368860428, 0.013476522923599642, 0.1404518457580982, -0.9899957890579081], [0.51, 0.9951439412736302, 0.09565795322607218, 0.023196812941812042, 0.09720872806302522, -0.9921257332337866, -0.07897463291059381, 0.015459603307576987, 0.08084606013648915, -0.9966067003716422], [0.52, 0.9950331233448808, 0.09763654112282247, 0.019395599606311466, 0.09800661950501938, -0.9950016047742836, -0.019144425553785416, 0.017429457240984512, 0.020950234704114275, -0.9996285818673418], [0.53, 0.9949270046403109, 0.09941114323190169, 0.015416875139924952, 0.09871518742981637, -0.9942810851669202, 0.0407484410779452, 0.019379556456480956, -0.0390198447064167, -0.9990504914722438], [0.54, 0.9948255889885054, 0.1009703948314652, 0.011270619408585082, 0.09933878836843804, -0.989966683335701, 0.10048766596654578, 0.021303817023384058, -0.09884809180500871, -0.9948744655117772], [0.55, 0.9947288294538215, 0.10230351323115396, 0.006967570229241221, 0.09988228719314972, -0.9820738859356504, 0.15985747173411166, 0.023196649745199478, -0.158318898886773, -0.9871155158829104], [0.56, 0.9946366283962588, 0.10340034396854554, 0.002519190528295842, 0.1003510057456554, -0.9706311072185044, 0.21864338395392705, 0.02505300579904185, -0.217217914933772, -0.9758015804114414], [0.5700000000000001, 0.9945488380127271, 0.10425140502598003, -0.002062367366256354, 0.10075066732641481, -0.9556795921247389, 0.27663300640213784, 0.026868417190568265, -0.2753328199614281, -0.9609734264854942], [0.58, 0.9944652613600238, 0.10484792889229996, -0.006764300181411229, 0.10108733756662944, -0.9372732728467916, 0.33361678943446976, 0.028639031646327334, -0.33245409279458155, -0.9426845082275945], [0.59, 0.9943856538552605, 0.10518190230087159, -0.011573194775980608, 0.10136736223880484, -0.9154785792800182, 0.3893887886859265, 0.030361641617340215, -0.38837576946807084, -0.9210007776383746], [0.6, 0.9943097252449103, 0.10524610348282062, -0.016475071698672406, 0.10159730259098634, -0.8903742039498875, 0.4437474113155389, 0.032033707122787726, -0.44289618946733994, -0.8960004503155586], [0.61, 0.9942371420291277, 0.10503413678270151, -0.021455431078360863, 0.10178386881349086, -0.8620508221755155, 0.49649614705309597, 0.033653372220382755, -0.49581872705609276, -0.8677737265217044], [0.62, 0.9941675303235674, 0.10454046449280407, -0.026499300687900622, 0.10193385226498003, -0.8306107684000489, 0.5474442813504238, 0.03521947494980905, -0.5469525049805416, -0.8364224685425127], [0.63, 0.9941004791366257, 0.10376043577195734, -0.03159128601379645, 0.10205405709685342, -0.7961676697868985, 0.5964075879961899, 0.036731550656951016, -0.5961130878933747, -0.8020598354436046], [0.64, 0.994035544035915, 0.10269031252499071, -0.036715622155585007, 0.10215123192105159, -0.7588460383466089, 0.6432089986203535, 0.038189828668946366, -0.6431231529051851, -0.7648098764968061], [0.65, 0.9939722511716671, 0.10132729213045247, -0.0418562273761942, 0.10223200217024472, -0.7187808230175758, 0.6876792465927476, 0.039595222349682546, -0.687813134747815, -0.7248070847028145], [0.66, 0.9939101016358437, 0.09966952691284187, -0.04699675809161447, 0.10230280377469389, -0.6761169233033039, 0.7296574829073129, 0.0409493126436564, -0.730021843116882, -0.6821959120122073], [0.67, 0.9938485760900609, 0.09771614027290249, -0.05212066513240501, 0.10236981880301063, -0.6310086661697701, 0.7689918617363943, 0.04225432524507553, -0.7695970498570882, -0.6371302479472069], [0.68, 0.9937871396603581, 0.0954672393983259, -0.05721125105483696, 0.10243891366423365, -0.5836192481233433, 0.8055400934696846, 0.043513101623402314, -0.8063960437784397, -0.5897728635377395], [0.6900000000000001, 0.9937252470282779, 0.09292392448912824, -0.06225172829756233, 0.10251558045687616, -0.5341201444717764, 0.8391699631379481, 0.04472906417626557, -0.8402861509788759, -0.5402948225653544], [0.7000000000000001, 0.9936623476840278, 0.09008829444789056, -0.06722527797216793, 0.10260488202134439, -0.4826904879335413, 0.8697598122721955, 0.045906175841068195, -0.8711452186988395, -0.48887486226814625], [0.71, 0.9935978912929925, 0.08696344899729011, -0.072115109072264, 0.10271140121600464, -0.4295164188759603, 0.8971989823757635, 0.04704889454868977, -0.8988620608604839, -0.43569874577198403], [0.72, 0.9935313331271887, 0.083553487201293, -0.07690451788351624, 0.1028391948975499, -0.37479040957934884, 0.9213882183314746, 0.048162122951718477, -0.9233368635897348, -0.3809585886273419], [0.73, 0.9934621395122718, 0.07986350238030555, -0.08157694737560725, 0.10299175304190168, -0.31871056503030243, 0.942240030216979, 0.04925115390452899, -0.9444815491715487, -0.32485216193440375], [0.74, 0.9933897932401629, 0.07589957342460887, -0.08611604635659269, 0.10317196339328066, -0.26147990284298694, 0.9596790121590966, 0.050321612212884906, -0.9622200970479915, -0.2675821746326006], [0.75, 0.9933137988972903, 0.07166875252445468, -0.09050572817050638, 0.10338208197675619, -0.2033056149923042, 0.9736421170217545, 0.05137939320619096, -0.9764888206344408, -0.20935553761382614], [0.76, 0.9932336880617331, 0.06717904934969202, -0.09473022871484668, 0.103623709748795, -0.14439831411984405, 0.9840788858937336, 0.052430598716713184, -0.9872365989024242, -0.15038261239381534], [0.77, 0.9931490243041772, 0.06243941172349789, -0.09877416358399821, 0.10389777562776113, -0.08497126721869469, 0.9909516314993817, 0.053481471068944325, -0.9944250618399088, -0.09087644712151205], [0.78, 0.9930594079842139, 0.05745970285300331, -0.10262258409486037, 0.10420452603662134, -0.02523961959042708, 0.9942355748818452, 0.0545383257145398, -0.9980287291231624, -0.031052002790153084], [0.79, 0.9929644807462891, 0.0522506751873093, -0.10626103200464215, 0.10454352107378181, 0.034580388036999934, 0.9939189348073992, 0.05560748314496011, -0.9980351014416525, 0.02887462748854373], [0.8, 0.9928639297085695, 0.04682394099179506, -0.10967559271480253, 0.10491363734693183, 0.09427220628796154, 0.9900029696035897, 0.056695200731480086, -0.9944447041818296, 0.08868700323283149], [0.81, 0.9927574912894238, 0.04119193973712055, -0.11285294676175898, 0.10531307744167645, 0.15361976486991505, 0.9825019712776482, 0.05780760513879153, -0.987271083312681, 0.1481691224449687], [0.8200000000000001, 0.9926449546361992, 0.035367902414804954, -0.11578041940309002, 0.1057393859356133, 0.21240825830842577, 0.9714432119621924, 0.058950625953742106, -0.9765407535194005, 0.2071062056494302], [0.8300000000000001, 0.9925261646219246, 0.029365812902914568, -0.11844602811499223, 0.10618947180623886, 0.27042492675103214, 0.9568668429159749, 0.060129931158937125, -0.9622930988150252, 0.2652854752046775], [0.84, 0.9924010243793174, 0.02320036651665327, -0.12083852782475815, 0.10665963702053607, 0.3274598289288389, 0.9388257464892106, 0.06135086506325224, -0.9445802260442832, 0.32249692700024607], [0.85, 0.9922694973454873, 0.0168869258892966, -0.12294745371073018, 0.10714561103561604, 0.38330660440121045, 0.917385341642446, 0.06261838927780886, -0.9234667718757574, 0.3785340916850548], [0.86, 0.9921316087950213, 0.010441474338903904, -0.12476316141152588, 0.10764259088393205, 0.4377632222573194, 0.8926233437842912, 0.06393702729688705, -0.8990296640570234, 0.43319478261853334], [0.87, 0.9919874468436567, 0.003880566885539373, -0.12627686449626024, 0.10814528646388133, 0.49063271350820337, 0.8646294798657855, 0.0653108132088788, -0.8713578378817629, 0.48628182779307194], [0.88, 0.9918371629094347, -0.0027787209077044447, -0.12748066905796568, 0.10864797060756212, 0.5417238844740204, 0.8335051598369516, 0.06674324502305684, -0.8405519089872326, 0.5376037830440714], [0.89, 0.9916809716230659, -0.00951884608878683, -0.12836760530337507, 0.1091445334525244, 0.590852008552859, 0.7993631057335185, 0.06823724305403822, -0.8067238037641157, 0.5869756239420798], [0.9, 0.9915191501841727, -0.01632185327779888, -0.12893165602362952, 0.10962854060396572, 0.6378394938492551, 0.7623269398181677, 0.06979511375778505, -0.7699963488180094, 0.6342194138496815], [0.91, 0.9913520371650244, -0.023169431240736414, -0.129167781842245, 0.11009329453835048, 0.682516524241882, 0.722530733350341, 0.07141851936127643, -0.7305028210719451, 0.6791649457234095], [0.92, 0.9911800307683886, -0.030042970876279898, -0.12907194314876672, 0.11053189866920775, 0.7247216715801325, 0.6801185177011237, 0.07310845357310919, -0.6883864602418621, 0.7216503553474652], [0.93, 0.9910035865510196, -0.03692362441134785, -0.1286411186388911, 0.11093732347115538, 0.7643024768178006, 0.6352437596643916, 0.07486522360476712, -0.6437999455512751, 0.7615227038008145], [0.9400000000000001, 0.990823214629163, -0.04379236559747683, -0.12787332039439503, 0.11130247403923497, 0.80111599801816, 0.5880688029418768, 0.07668843867269762, -0.5969048386770905, 0.7986385270816828], [0.9500000000000001, 0.9906394763871561, -0.05063005069720425, -0.12676760544891746, 0.11162025844758483, 0.8350293232976836, 0.538764277897653, 0.07857700509021864, -0.5478709950352215, 0.8328643509429617], [0.96, 0.990452980714716, -0.05741748004757748, -0.1253240837984359, 0.11188365626443315, 0.8659200469147526, 0.4875084817863706, 0.08052912799623196, -0.49687594562197906, 0.8640771691278664], [0.97, 0.9902643798028313, -0.06413545998668142, -0.12354392282811869, 0.11208578657941544, 0.8936767068542458, 0.43448673175918, 0.08254231970533113, -0.4441042517249713, 0.8921648833367158], [0.98, 0.9900743645322007, -0.0707648649286447, -0.12142934814005606, 0.11221997490429436, 0.9181991824081387, 0.3798906930413464, 0.084613414601751, -0.38974683490515427, 0.9170267034022378], [0.99, 0.989883659491918, -0.07728669937293885, -0.1189836407791357, 0.11227981831922686, 0.9393990504054532, 0.3239176847559686, 0.08673859043829821, -0.334000284729673, 0.9385735063016682], [1.0, 0.9896930176695274, -0.0836821596349016, -0.1162111308669781, 0.11225924825365734, 0.9571998989014195, 0.2667699659388113, 0.08891339584149735, -0.27706614680308683, 0.9567281527884409], [1.01, 0.9895032148566181, -0.08993269508627005, -0.11311718766634414, 0.112152590313543, 0.9715375972947669, 0.20865400434997497, 0.09113278376624694, -0.21915019370248515, 0.9714257605837839], [1.02, 0.9893150438168041, -0.09602006869707587, -0.10970820611072542, 0.11195462059470744, 0.9823605220030649, 0.1497797307389445, 0.09339115058783508, -0.16046168146989, 0.9826139332284098], [1.03, 0.989129308265199, -0.10192641667350506, -0.1059915898458937, 0.11166061795539674, 0.9896297369882986, 0.09035978126048205, 0.09568238046672993, -0.10121259435328323, 0.9902529438560886], [1.04, 0.9889468167102966, -0.10763430699022558, -0.10197573084197531, 0.11126641175924831, 0.9933191285877494, 0.030608730769927033, 0.09799989457260924, -0.04161688051570355, 0.9943158733135811], [1.05, 0.9887683762105777, -0.11312679662021076, -0.09766998564610589, 0.1107684246425152, 0.9934154942682547, -0.0292576802521671, 0.1003367047090769, 0.018110318549713247, 0.9947887022146538], [1.06, 0.9885947860990457, -0.11838748727019885, -0.09308464835687041, 0.11016370990610261, 0.9899185850843816, -0.08902332238437248, 0.10268547083983098, 0.0777534421519482, 0.991670356679082], [1.07, 0.9884268317293647, -0.12340057943559944, -0.08823092041252469, 0.1094499831833332, 0.9828411017825482, -0.1484724547937004, 0.10503856198106977, 0.13709728533511392, 0.9849727076701791], [1.08, 0.9882652782972372, -0.12815092459485367, -0.08312087729539511, 0.10862564808788203, 0.9722086446531326, -0.20739050085284627, 0.10738811989396038, 0.19592777187522692, 0.9747205240059518], [1.09, 0.9881108647901589, -0.13262407536994267, -0.07776743226484567, 0.10768981560251545, 0.9580596173906568, -0.26556481910433805, 0.10972612498532797, 0.25403272262189247, 0.960951379278977], [1.1, 0.9879642981177328, -0.1368063334868935, -0.07218429724076579, 0.10664231702760535, 0.940445085377897, -0.32278546685543064, 0.11204446380457207, 0.31120261649280434, 0.9437155130781274], [1.11, 0.9878262474732912, -0.1406847953777141, -0.06638594096864685, 0.1054837103683306, 0.9194285889627497, -0.37884595372106483, 0.11433499751035155, 0.3672313414639657, 0.9230756470608518], [1.12, 0.9876973389757073, -0.14424739527317917, -0.06038754460597023, 0.10421528010047, 0.8950859124466406, -0.433543982474066, 0.11658963067192304, 0.42191693294153987, 0.8991067565775026], [1.1300000000000001, 0.9875781506379783, -0.14748294564425452, -0.05420495487780634, 0.10283903031617593, 0.867504809649818, -0.4866821746117295, 0.11880037976723727, 0.47506229695195473, 0.8718957986988086], [1.1400000000000001, 0.9874692077064487, -0.15038117485866187, -0.047854634957212795, 0.1013576713125307, 0.8367846870617349, -0.5380687781057889, 0.12095944074300494, 0.5264759156450409, 0.8415413976436433], [1.1500000000000001, 0.9873709784114483, -0.1529327619281302, -0.04135361323320789, 0.09977459974647268, 0.8030362457236634, -0.5875183548682236, 0.1230592550109055, 0.5759725326703232, 0.8081534887464651], [1.16, 0.9872838701666564, -0.1551293682312202, -0.03471943013577484, 0.09809387253927737, 0.7663810831253979, -0.6348524455381832, 0.12509257326883347, 0.6233738160588287, 0.7718529222418329], [1.17, 0.9872082262507219, -0.15696366610623555, -0.027970083193509368, 0.09632017477165719, 0.7269512565281934, -0.6799002092752263, 0.1270525165564187, 0.6685089963216869, 0.7327710282769849], [1.18, 0.9871443230005824, -0.15842936421861703, -0.02112397050515541, 0.0944587818661703, 0.6848888092517252, -0.7224990363308518, 0.12893263397983126, 0.7112154775621345, 0.691049144692318], [1.19, 0.9870923675415773, -0.15952122961733828, -0.014199832811367046, 0.0925155164065038, 0.6403452615836058, -0.7624951312636665, 0.130726956571842, 0.7513394194890419, 0.6468381092334217], [1.2, 0.9870524960748771, -0.16023510640516797, -0.007216694357583278, 0.09049669999284293, 0.5934810680856858, -0.7997440647632531, 0.13243004678898085, 0.7887362883175654, 0.6002977179768972], [1.21, 0.9870247727380016, -0.16056793095820895, -0.00019380274289866606, 0.08840910057850096, 0.5444650431817665, -0.8341112921536217, 0.13403704318808224, 0.8232713746457384, 0.5515961518652203], [1.22, 0.9870091890436555, -0.16051774364223872, 0.0068494320475715464, 0.08625987577583583, 0.4934737570107478, -0.8654726367556742, 0.13554369987021583, 0.8548202765012576, 0.500909373347905], [1.23, 0.9870056639355639, -0.16008369697893338, 0.013893499222948455, 0.08405651265300096, 0.4406909036611579, -0.8937147364293107, 0.13694642032458143, 0.8832693458916444, 0.44842049525909716], [1.24, 0.9870140443820739, -0.15926606023113654, 0.02091884917910057, 0.08180676457994895, 0.3863066439127009, -0.9187354516605152, 0.1382422853597508, 0.9085160972307217, 0.3943191240748482], [1.25, 0.9870341066140268, -0.15806622039280438, 0.027905955695654343, 0.07951858571062558, 0.3305169248228739, -0.9404442338300112, 0.13942907487011566, 0.9304695762830015, 0.3388006799056041], [1.26, 0.9870655578838321, -0.1564866795670998, 0.034835378135548795, 0.07720006370614052, 0.27352277844218514, -0.958762452252558, 0.14050528323002906, 0.9490506882161955, 0.28206569552697863], [1.27, 0.9871080388514244, -0.15453104874028778, 0.04168782343560727, 0.07485935132218736, 0.21552960214652944, -0.9736236789082612, 0.14147012817974292, 0.9641924836807546, 0.2243190969557019], [1.28, 0.9871611264557411, -0.15220403795443804, 0.048444207682676516, 0.07250459749089895, 0.1567464230230957, -0.9849739297185247, 0.1423235531116373, 0.975840401762929, 0.16576946802668527], [1.29, 0.9872243373344352, -0.14951144291543578, 0.05508571707074198, 0.07014387854137272, 0.0973851488946729, -0.9927718615528965, 0.14306622274676367, 0.9839524689868789, 0.10662830157545708], [1.3, 0.9872971317291573, -0.14646012806727438, 0.061593868033522056, 0.06778513019388281, 0.037659808575179775, -0.9969889241892879, 0.14369951223790461, 0.9884994535749795, 0.04710923983668062], [1.31, 0.9873789178494409, -0.14305800618155062, 0.06795056635013541, 0.06543608095917239, -0.022214215991839335, -0.9976094666401528, 0.14422548980207822, 0.9894649743617533, -0.012572693272457613], [1.32, 0.987469056658546, -0.13931401452167907, 0.07413816502391846, 0.06310418756106079, -0.08202096302462476, -0.9946307974068321, 0.14464689304481737, 0.9868455639033625, -0.0722018652814083], [1.33, 0.9875668670409481, -0.13523808765279388, 0.08013952073776784, 0.060796572982159895, -0.14154466690829795, -0.9880631983818552, 0.14496709919733095, 0.9806506854792748, -0.13156281097816733], [1.34, 0.9876716313078143, -0.13084112697966443, 0.08593804869333209, 0.058519967708469726, -0.20057053417679865, -0.9779298922786841, 0.14519008954445153, 0.9709027038398288, -0.19044100815567316], [1.35, 0.9877826009938747, -0.12613496710618466, 0.09151777564598712, 0.05628065471922386, -0.258885516722921, -0.9642669636297685, 0.14532040837557203, 0.9576368097125965, -0.24862365053495833], [1.36, 0.9878990028965192, -0.1211323391210623, 0.0968633909527965, 0.0540844187338369, -0.3162790794847952, -0.9471232335563441, 0.14536311684205638, 0.9409008982411814, -0.3059004151070282], [1.37, 0.9880200453058481, -0.11584683092520176, 0.10196029545658328, 0.05193650018847596, -0.3725439598634805, -0.9265600886767064, 0.14532374215240423, 0.9207554016920027, -0.3620642211445318], [1.3800000000000001, 0.9881449243727106, -0.11029284472689263, 0.10679464803581919, 0.04984155437098545, -0.42747691614209055, -0.9026512646831704, 0.14520822258029692, 0.8972730769271373, -0.416911978152911], [1.3900000000000001, 0.9882728305605474, -0.10448555184124722, 0.11135340965726248, 0.04780361609503497, -0.48087946220226446, -0.8754825852810117, 0.14502284880013422, 0.8705387483038969, -0.4702453200590118], [1.4000000000000001, 0.9884029551261221, -0.09844084494032919, 0.11562438477614116, 0.045826070242867264, -0.5325585858689913, -0.8451516573448781, 0.14477420209941713, 0.8406490068239731, -0.5218713229732236], [1.41, 0.9885344965739467, -0.09217528791003254, 0.11959625993716516, 0.04391162845136329, -0.5823274482599043, -0.8117675233087485, 0.1444690900469882, 0.8077118665160075, -0.5716032039091314], [1.42, 0.9886666670294533, -0.08570606347896112, 0.12325863943875057, 0.042062312158823, -0.6300060615702947, -0.7754502719639856, 0.14411448022043225, 0.7718463791947888, -0.6192609979024744], [1.43, 0.9887986984766611, -0.07905091879327367, 0.12660207793252345, 0.04027944217040374, -0.6754219427902629, -0.7363306089956471, 0.1437174326146087, 0.7331822088972145, -0.6646722110388693], [1.44, 0.9889298488072942, -0.07222810911965225, 0.12961810984042307, 0.03856363483912263, -0.7184107409256553, -0.6945493887393956, 0.1432850313661521, 0.6918591674490358, -0.7076724469772369], [1.45, 0.9890594076299569, -0.06525633986617048, 0.1322992754825092, 0.036914804897279344, -0.7588168353796242, -0.6502571087893582, 0.14282431643568894, 0.648026712766511, -0.7481060046430287], [1.46, 0.9891867017901114, -0.0581547071178419, 0.1346391438198732, 0.03533217491067686, -0.7964939032467199, -0.6036133692304996, 0.14234221589040905, 0.601843411642723, -0.7858264448620734], [1.47, 0.9893111005541442, -0.05094263688996419, 0.13663233172881206, 0.033814291265697606, -0.8313054533761453, -0.5547862984067714, 0.14184547942445486, 0.553476368908724, -0.820697123811865], [1.48, 0.9894320204138068, -0.04363982330800624, 0.13827451973461555, 0.03235904653772237, -0.8631253251750041, -0.5039519472678456, 0.14134061374340393, 0.5031006249941755, -0.8525916912822035], [1.49, 0.989548929470667, -0.036266165927663456, 0.13956246414589424, 0.030963708029146005, -0.8918381502456538, -0.4512936544619326, 0.14083382042198755, 0.45089852403997466, -0.8813945518608732], [1.5, 0.989661351363948, -0.028841706412798086, 0.14049400554328895, 0.02962495220692273, -0.9173397750833524, -0.3970013844593962, 0.14033093682127717, 0.39705905483584897, -0.9070012872921628], [1.51, 0.9897688687091883, -0.0213865647922487, 0.14106807358960602, 0.028338904713727686, -0.939537643200764, -0.34127104110097295, 0.13983738062307163, 0.34177716696833726, -0.9293190383960384], [1.52, 0.9898711260194811, -0.013920875518904571, 0.14128468814185757, 0.02710118557398622, -0.95835113519407, -0.28430375906475835, 0.13935809850539416, 0.2852530646682958, -0.9482668450831423], [1.53, 0.9899678320857325, -0.0064647235559705685, 0.14114495665930366, 0.025906959166714878, -0.9737118654209539, -0.22630517583722493, 0.13889751944417866, 0.227691480941488, -0.9637759431550793], [1.54, 0.9900587617970216, 0.0009619192840286429, 0.14065106791530738, 0.02475098849181052, -0.9855639341226565, -0.16748468685472942, 0.13845951308271906, 0.1693009346502243, -0.9757900167397355], [1.55, 0.9901437573873203, 0.008339257522251179, 0.1398062820346219, 0.02362769321557209, -0.9938641339905069, -0.10805468655295761, 0.1380473535627448, 0.110292973288078, -0.9842654053775562], [1.56, 0.9902227290997735, 0.015647734494526923, 0.138614916891486, 0.022531210945227684, -0.998582110350427, -0.04822979812188461, 0.13766368915943825, 0.05088140425268237, -0.9891712649454275], [1.57, 0.9902956552649639, 0.02286809390848217, 0.13708233091761815, 0.02145546115143631, -0.9997004743166337, 0.011773905187119328, 0.1373105180078851, -0.008718482526730714, -0.9904896817798335], [1.58, 0.990362581794773, 0.02998144025806036, 0.13521490238276426, 0.020394211132435513, -0.9972148684470155, 0.07173968431784092, 0.13698917015083253, -0.06829069771052412, -0.988215739539263], [1.59, 0.9904236210986094, 0.0369692978807438, 0.13302000522381627, 0.019341143393966843, -0.991133984616669, 0.1314509213194004, 0.13670029607778209, -0.12761933849425022, -0.9823575385266595], [1.6, 0.9904789504338657, 0.043813668447747395, 0.1305059815116142, 0.018289923805525316, -0.9814795340119457, 0.19069190598610367, 0.13644386186394386, -0.18648937443880223, -0.9729361673752334], [1.61, 0.99052880970745, 0.050497086683324796, 0.12768211065730498, 0.01723426988598337, -0.9682861693341622, 0.24924861930116354, 0.13621915095501283, -0.2446874302422093, -0.9599856271842953], [1.62, 0.9905734987500429, 0.0570026741160759, 0.12455857547249732, 0.016168018570310982, -0.9516013594889546, 0.30690951076873785, 0.13602477258070106, -0.3020025625196123, -0.9435527083750957], [1.6300000000000001, 0.9906133740893313, 0.06331419067274145, 0.12114642520935955, 0.015085192813968085, -0.9314852172231538, 0.3634662667410826, 0.13585867671708204, -0.35822702767992, -0.923696820719057], [1.6400000000000001, 0.990648845252827, 0.06941608393337936, 0.11745753571820053, 0.013980066402537298, -0.9080102803551338, 0.41871456688198716, 0.13571817545568085, -0.4131570380220376, -0.9004897771714211], [1.6500000000000001, 0.990680370634925, 0.0752935358759986, 0.11350456687089547, 0.012847226351190202, -0.8812612474258636, 0.472454825953873, 0.135599970576476, -0.4665935032202151, -0.8740155323213417], [1.6600000000000001, 0.990708452966595, 0.08093250694863079, 0.10930091740871647, 0.011681632301472261, -0.8513346687755379, 0.5244929181737918, 0.1355001870631566, -0.5183427544267369, -0.8443698764439636], [1.67, 0.9907336344294602, 0.08631977731739748, 0.10486067738265446, 0.010478672351427937, -0.8183385942237273, 0.5746408814527265, 0.13541441224266215, -0.5682172482905549, -0.8116600863102521], [1.68, 0.9907564914589936, 0.09144298515032848, 0.10019857836312976, 0.009234214788990454, -0.7823921786986995, 0.6227175989127521, 0.13533774017777245, -0.6160362482721525, -0.7760045340754619], [1.69, 0.9907776292798222, 0.09629066180893772, 0.09532994160888911, 0.007944655234250142, -0.7436252473185355, 0.6685494551667499, 0.13526482089577588, -0.6616264807268115, -0.7375322557211922], [1.7, 0.9907976762470246, 0.1008522638304596, 0.09027062436848027, 0.006606958755756176, -0.7021778216091029, 0.7119709649532081, 0.13518991397143365, -0.7048227633388936, -0.696382480710012], [1.71, 0.9908172779858763, 0.10511820159572796, 0.08503696453926803, 0.005218696542460655, -0.6581996086162197, 0.7528253717987768, 0.13510694597677256, -0.7454686035715045, -0.6527041245756721], [1.72, 0.990837091457603, 0.1090798645970826, 0.0796457238741625, 0.003778076795513098, -0.6118494549206606, 0.7909652145632811, 0.1350095712447248, -0.7834167649807426, -0.6066552464287627], [1.73, 0.990857778949097, 0.11272964322433981, 0.07411402994508233, 0.0022839695433340204, -0.5632947675901753, 0.8262528597764612, 0.13489123536876896, -0.8185297993012645, -0.5584024733797693], [1.74, 0.9908800020613456, 0.11606094700732314, 0.0684593170781118, 0.0007359251444358714, -0.5127109042820969, 0.8585609978589447, 0.13474524084070616, -0.8506805423953979, -0.5081203940610751], [1.75, 0.9909044157458621, 0.11906821926475353, 0.06269926647584277, -0.0008658136979946413, -0.46028053480149056, 0.8877731014452006, 0.13456481420538036, -0.8797525722861574, -0.4559909235213976], [1.76, 0.9909316624412244, 0.12174694812347064, 0.05685174574482296, -0.0025203065243595835, -0.40619297652271485, 0.913783844176938, 0.13434317409766794, -0.9056406276478436, -0.4022026418698981], [1.77, 0.9909623663606181, 0.12409367388580697, 0.0509347480472305, -0.004225916362006497, -0.3506435061719136, 0.9364994784891854, 0.13407359951911932, -0.9282509852842267, -0.3469501091381823], [1.78, 0.9909971279795818, 0.1261059927367427, 0.0449663310962143, -0.0059803176131580996, -0.2938326505468436, 0.9558381710697768, 0.133749497709784, -0.9475017952851861, -0.2904331589090394], [1.79, 0.991036518771057, 0.1277825567961706, 0.0389645562137907, -0.00778051051431234, -0.23596545881836722, 0.971730294835421, 0.1333644709749973, -0.9633233727172983, -0.2328561733308529], [1.8, 0.9910810762322898, 0.12912307053513625, 0.03294742766878634, -0.00962284203221047, -0.177250759114808, 0.9841186764331897, 0.1329123818371893, -0.9756584448714458, -0.17442734219600622], [1.81, 0.9911312992452296, 0.13012828358822875, 0.02693283251008588, -0.01150303300103582, -0.11790040213616321, 0.9929587984443664, 0.13238741589898909, -0.9844623532602372, -0.11535790881025704], [1.82, 0.9911876438136294, 0.13079998000633675, 0.02093848110344343, -0.013416211242800992, -0.05812849458219818, 0.9982189556419411, 0.13178414182467438, -0.9897032097337771, -0.05586140542078086], [1.83, 0.9912505191829445, 0.13114096401009764, 0.014981848596246537, -0.015356950377832329, 0.0018493748101170789, 0.9998803647923186, 0.13109756787961924, -0.9913620062220608, 0.00384711901747866], [1.84, 0.9913202844444088, 0.13115504231479974, 0.00908011749022889, -0.017319313937613837, 0.06181691378396933, 0.9979372277574038, 0.13032319449339647, -0.989432677878998, 0.0635518759078594], [1.85, 0.9913972455570764, 0.1308470031021134, 0.003250121535832956, -0.01929690438356864, 0.12155790682921976, 0.9923967476657057, 0.12945706234892546, -0.9839221194156856, 0.12303711611335898], [1.86, 0.9914816528792185, 0.13022259174005718, -0.002491708862002895, -0.02128291657039357, 0.18085699437812336, 0.9832790982500476, 0.12849579555303847, -0.974850154738497, 0.18208790827558513], [1.87, 0.9915736991993483, 0.1292884833521032, -0.008129399541247966, -0.023270195154363543, 0.23950044813744392, 0.970617346521125, 0.12743663947964942, -0.9622494600792171, 0.2404909135573679], [1.8800000000000001, 0.9916735182845761, 0.12805225235098722, -0.013647483604487885, -0.025251295410954694, 0.297276939789881, 0.9544573291441777, 0.12627749293110144, -0.9461654410011008, 0.2980351540372931], [1.8900000000000001, 0.9917811839546359, 0.12652233906205773, -0.01903105039391586, -0.02721854689463518, 0.3539783003352863, 0.9348574830443279, 0.1250169343160142, -0.9266560638215762, 0.3545127720184674], [1.9000000000000001, 0.9918967096851565, 0.12470801357030395, -0.02426579225687349, -0.029164119347571016, 0.4094002673884925, 0.9118886309257594, 0.12365424159803613, -0.9037916421500722, 0.40971977755685013], [1.9100000000000001, 0.9920200487389377, 0.1226193369339169, -0.02933804894797678, -0.031080090243453498, 0.4633432178055758, 0.8856337225457402, 0.12218940582818996, -0.877654579393085, 0.4634567815664073], [1.92, 0.9921510948192563, 0.1202671199153454, -0.0342348495230725, -0.03295851333785045, 0.5156128830736354, 0.8561875327360828, 0.12062313813343699, -0.848339068227681, 0.5155297119187995], [1.93, 0.9922896832345615, 0.11766287938830172, -0.03894395158987914, -0.03479148758753604, 0.5660210449702682, 0.8236563173116195, 0.11895687009511982, -0.8159507481888516, 0.5657505100239443], [1.94, 0.9924355925593964, 0.11481879258604047, -0.04345387779013318, -0.03657122579823218, 0.6143862090774566, 0.788157428147247, 0.11719274751250919, -0.7806063226551216, 0.6139378054542282], [1.95, 0.9925885467720249, 0.1117476493624727, -0.04775394939834739, -0.03829012236310986, 0.6605342538201425, 0.7498188888417417, 0.11533361760820711, -0.7424331366503033, 0.6599175662589795], [1.96, 0.9927482178451017, 0.10846280264328692, -0.05183431693285789, -0.039940819463211076, 0.7042990527919268, 0.7087789325175798, 0.11338300979308913, -0.7015687170070485, 0.7035237227067059], [1.97, 0.9929142287618081, 0.10497811724922215, -0.05568598768564623, -0.04151627111556733, 0.7455230682287147, 0.6651855034310923, 0.11134511016823365, -0.6581602765596124, 0.7445987622901157], [1.98, 0.9930861569262809, 0.1013079172779871, -0.05930085008844236, -0.04300980447506561, 0.784057913595343, 0.6191957241862701, 0.10922472999935509, -0.612364184148893, 0.7829942939327553], [1.99, 0.99326353793382, 0.09746693223503576, -0.06267169484380658, -0.044415177821846605, 0.8197648833598744, 0.570975330458102, 0.1070272684550905, -0.5643454023320966, 0.8185715794457927], [2.0, 0.993445869663405, 0.09347024210650681, -0.06579223276121904, -0.04572663469697244, 0.8525154481449855, 0.5206980752373477, 0.10475866995358932, -0.5142768947922315, 0.8512020303986882], [2.0100000000000002, 0.99363261665244, 0.08933322157011422, -0.06865710924964413, -0.04693895368498341, 0.8821917135653722, 0.46854510470790195, 0.10242537651173986, -0.4623390055388846, 0.8807676686879072], [2.02, 0.9938232147114026, 0.08507148354164137, -0.07126191542954816, -0.04804749338243613, 0.9086868411839579, 0.41470430796020846, 0.10003427553758057, -0.4087188120812582, 0.907