[[0.0, 1.0, 0.0, 0.0, 0.0, 1.0, 0.0, 0.0, 0.0, 1.0], [0.01, 0.9982011198915378, -0.0009691273008655708, 0.05994651816039657, 0.0010290733194758123, 0.9999990008996901, -0.0009691273008655708, -0.059945519060086404, 0.0010290733194758123, 0.9982011198915378], [0.02, 0.992814031076585, -0.001870272896254996, 0.11965283856538825, 0.0020953180020640834, 0.999996264736194, -0.001755037358428239, -0.11964910923166772, 0.001993136461155267, 0.9928142414707373], [0.03, 0.9838627266095188, -0.002716256297969951, 0.178904323984098, 0.003189523613528947, 0.9999921338565048, -0.002357787995785874, -0.17889651234052079, 0.002890359292210796, 0.9838636509677345], [0.04, 0.9713839780668793, -0.0035197131199362483, 0.23748848135124034, 0.004302475721313702, 0.9999868862547819, -0.002777772692962953, -0.237475590024812, 0.0037200723137612744, 0.9713863830651263], [0.05, 0.9554271615073667, -0.004293026915245694, 0.29519571300051295, 0.005424979486728723, 0.9999807373203359, -0.0030157231050165468, -0.2951770801595964, 0.004482734453716184, 0.9554320470029632], [0.06, 0.9360540391187245, -0.005048263671613704, 0.35182005469191546, 0.006547883233191721, 0.9999738414976765, -0.003072709804609681, -0.35179533975691746, 0.005179899060862388, 0.9360626087880198], [0.07, 0.9133384975474208, -0.005797108812350807, 0.40715989786229917, 0.007662101891546678, 0.9999662938625129, -0.0029501412633780033, -0.40712907178488705, 0.00581417821261899, 0.9133521304728469], [0.08, 0.8873662440537293, -0.00655080655385938, 0.46101869359872133, 0.008758640224642653, 0.9999581316173047, -0.002649761091984555, -0.4609820334193005, 0.006389205421900009, 0.8873864676220187], [0.09, 0.8582344617766456, -0.007320101476795966, 0.5132056359134425, 0.009828615734847588, 0.9999493355097512, -0.0021736435642114847, -0.5131637233200417, 0.006909596802776637, 0.8582629262296811], [0.1, 0.8260514255295007, -0.008115182176260897, 0.5635363219872569, 0.010863281159995498, 0.9999398311773754, -0.0015241874557599582, -0.5634900456113827, 0.007380910730222022, 0.8260898804934448], [0.11, 0.7909360796777367, -0.0089456268665682, 0.6118333871439001, 0.011854046465408392, 0.9999294904211955, -0.0007041082336044979, -0.6117839483399425, 0.007809606006247949, 0.7909863529844359], [0.12, 0.7530175797745768, -0.009820350828186095, 0.6579271124220749, 0.012792500242085413, 0.9999181324112678, 0.0002835713632405425, -0.6578760342860914, 0.008202998523293183, 0.7530815588813948], [0.13, 0.7124347997478805, -0.010747555598198915, 0.7016560027227456, 0.013670430423899765, 0.9999055248267331, 0.001435532305851628, -0.7016051421135847, 0.0085692163958819, 0.7125144160577649], [0.14, 0.6693358065418492, -0.01173467982100053, 0.7428673336272572, 0.014479844239675538, 0.9998913849327419, 0.0027481717700933443, -0.7428188959576666, 0.008917153513414799, 0.6694330229242139], [0.15, 0.623877304220219, -0.012788351692764955, 0.7814176651061162, 0.01521298731931981, 0.999875380596458, 0.004217617089119097, -0.7813742216734145, 0.009256421450559089, 0.6239941060348209], [0.16, 0.5762240496326159, -0.013914342951425936, 0.8171733204683193, 0.01586236187674427, 0.9998571312440196, 0.0058397411046994495, -0.8171378280930822, 0.009597299657133235, 0.5763624395626517], [0.17, 0.5265482418327684, -0.015117524383311527, 0.850010829036513, 0.016420743896112974, 0.9998362087600657, 0.007610178854422251, -0.8499866517732607, 0.009950683836702303, 0.5267102388395951], [0.18, 0.4750288875158351, -0.016401822838095884, 0.8798173311733839, 0.016881199251981064, 0.999812138331035, 0.009524345528072319, -0.8798082638491656, 0.010328032412367495, 0.4752165302356453], [0.19, 0.4218511448120882, -0.017770179765224676, 0.9064909444290339, 0.01723709869812994, 0.9997843992330384, 0.011577455623016196, -0.9065012377538164, 0.010741310969503754, 0.42206649972421983], [0.2, 0.3672056478353605, -0.019224511307316675, 0.9299410897270901, 0.01748213166433951, 0.9997524255645854, 0.013764543225198565, -0.9299754767037052, 0.01120293455852149, 0.36745082254227374], [0.21, 0.3112878144368635, -0.02076567000911649, 0.9500887766583672, 0.01761031880495285, 0.9997156069238683, 0.016080483339409143, -0.9501524999991886, 0.011725707736148427, 0.3115649764068126], [0.22, 0.2542971396580928, -0.022393408224245376, 0.9668668471045093, 0.017616023247864987, 0.9996732890296409, 0.01852001418980988, -0.966965687336755, 0.012322762221287014, 0.25460854079271283], [0.23, 0.1964364774104757, -0.024106343326141068, 0.9802201765695329, 0.017493960497489268, 0.9996247742839508, 0.021077760409326556, -0.980360480480867, 0.013007492041239268, 0.19678448481046756], [0.24, 0.13791131293412542, -0.025901924854066005, 0.9901058327540749, 0.01723920695030514, 0.9995693222741244, 0.023748257034412065, -0.9902945417947685, 0.013793486046038863, 0.1382984462464689], [0.25, 0.07892902860353226, -0.027776403749766795, 0.9964931910647618, 0.016847206986752045, 0.999506150210408, 0.026525974219882554, -0.9967378692818124, 0.01469445767281943, 0.07935800434268367], [0.26, 0.01969816565428521, -0.0297248038651565, 0.9993640069089109, 0.016313778608489978, 0.9994344332945774, 0.029405342587014223, -0.9996728679409925, 0.01572417184860541, 0.020171948897070264], [0.27, -0.03957231559799329, -0.03174089594613474, 0.9987124447821555, 0.015635117595380187, 0.9993533050135791, 0.03238077911686778, -0.9990943773918418, 0.016896368928660237, -0.03905045173919447], [0.28, -0.09867377448727485, -0.03381717432222685, 0.9945450643129726, 0.0148078001619338, 0.9992618573509258, 0.035446713499878046, -0.9950096558741522, 0.018224685578586104, -0.09810018120657585], [0.29, -0.15739862513699213, -0.035944836555978944, 0.9868807635828905, 0.013828784098415441, 0.9991591409070372, 0.038597614852103966, -0.987438320876471, 0.019722572521755473, -0.15676920168764039], [0.3, -0.21554106550147809, -0.03811376632985698, 0.9757506801937885, 0.01269540838725764, 0.999044164918063, 0.04182801870817479, -0.9764122467935195, 0.021403209089380315, -0.21485117396073952], [0.31, -0.27289779783853657, -0.04031251987162997, 0.9611980507036396, 0.011405391290925698, 0.9989158971609196, 0.04513255420088507, -0.9619754201560339, 0.023279414528599975, -0.2721421684980619], [0.32, -0.32926873818925967, -0.04252831624173275, 0.9432780291986536, 0.009956826912857014, 0.9987732637302751, 0.048505971337574845, -0.9441837531164579, 0.025363556044399542, -0.3284413652019222], [0.33, -0.3844577124958091, -0.04474703182776506, 0.9220574659125619, 0.008348180238570833, 0.9986151486710675, 0.05194316828387144, -0.9231048560099738, 0.027667453573960017, -0.38355173943490156], [0.34, -0.4382731370502563, -0.04695319941195184, 0.8976146469421656, 0.0065782806694924464, 0.9984403934478105, 0.05543921856605412, -0.898817769942028, 0.030202281317192287, -0.4372807320700016], [0.35000000000000003, -0.4905286810373585, -0.04913001219692342, 0.8700389962417084, 0.00464631406744824, 0.9982477962294176, 0.058989398104215204, -0.8714126604802893, 0.03297846607471473, -0.4894409013660617], [0.36, -0.5410439090109874, -0.051259333193431046, 0.8394307412066077, 0.002551813333156537, 0.9980361109655521, 0.06258921198951578, -0.8409904736504586, 0.03600558247439748, -0.5398505545610343], [0.37, -0.5896449012274354, -0.05332171039045007, 0.8059005432790852, 0.00029464754735515283, 0.9978040462276123, 0.06623442092015079, -0.8076625555510858, 0.03929224519980806, -0.5883343571710287], [0.38, -0.6361648498485424, -0.05529639814339116, 0.7695690951237254, -0.002124990291535289, 0.9975502637843263, 0.06992106721212318, -0.7715502370121098, 0.04284599836844667, -0.6347239180859412], [0.39, -0.6804446291230961, -0.05716138522969259, 0.7305666860295197, -0.004706596894117419, 0.9972733768786082, 0.07364550030255676, -0.7327843848249009, 0.04667320224454591, -0.6788583486626878], [0.4, -0.7223333377557458, -0.05889343003275109, 0.6890327372960017, -0.007449373626865732, 0.9969719481687771, 0.07740440166502284, -0.6915049211677462, 0.05077891751042242, -0.7205847941340828], [0.41000000000000003, -0.7616888117782344, -0.06046810332480836, 0.645115309454179, -0.010352242729822096, 0.9966444872934719, 0.0811948090581854, -0.6478603129396983, 0.05516678736189591, -0.7597589357749228], [0.42, -0.7983781063475741, -0.061859839126888666, 0.5989705832576899, -0.013413864750834281, 0.9962894480156079, 0.08501414003094936, -0.6020070327972158, 0.05983891773712986, -0.7962454623963273], [0.43, -0.832277945009263, -0.06304199412901144, 0.5507623164554702, -0.016632657137078424, 0.9959052248965105, 0.08886021460918755, -0.5541089937618033, 0.0647957560343898, -0.8299185098744414], [0.44, -0.863275135080246, -0.06398691615651275, 0.5006612784238085, -0.020006813919696893, 0.9954901494469235, 0.09273127709098097, -0.5043369593327118, 0.07003596872265763, -0.8606620675596859], [0.45, -0.8912669479253702, -0.06466602216821964, 0.4488446647925483, -0.02353432642250401, 0.9950424856969282, 0.09662601687908803, -0.45286793109651163, 0.07555631829978285, -0.8883703505573266], [0.46, -0.9161614630220419, -0.0650498862692465, 0.39549549424698954, -0.02721300492084971, 0.9945604251219514, 0.10054358828101209, -0.3998845158748839, 0.08135154010590062, -0.9129481370186964], [0.47000000000000003, -0.9378778748299266, -0.06510833821511579, 0.34080198972330933, -0.031040501171862456, 0.9940420808569523, 0.10448362920850132, -0.345574274493198, 0.08741421955520781, -0.9343110697343009], [0.48, -0.9563467616052413, -0.06481057287453869, 0.28495694624072765, -0.03501433173239467, 0.9934854811256111, 0.10844627870953612, -0.2901290542853312, 0.09373467040688134, -0.9523859214746992], [0.49, -0.9715103154217576, -0.0641252711052858, 0.22815708762777992, -0.039131901976035076, 0.992888561805887, 0.11243219326676455, -0.23374430747475933, 0.10030081475596651, -0.9671108236817715], [0.5, -0.9833225327823908, -0.06302073248088294, 0.17060241440260113, -0.04339053071549994, 0.9922491580477205, 0.11644256179686473, -0.17661839758827821, 0.10709806548748858, -0.9784354582711045], [0.51, -0.9917493653254935, -0.061465020285102125, 0.11249554505771603, -0.04778747533152807, 0.9915649948529146, 0.12047911928536699, -0.11895189606693635, 0.11410921200188474, -0.9863212124649805], [0.52, -0.9967688302479533, -0.05942611916607017, 0.054041052978147625, -0.05231995730403634, 0.9908336765214114, 0.12454415899096624, -0.06094687123906152, 0.12131431008715868, -0.9907412967340394], [0.53, -0.9983710801822603, -0.056872105811942575, -0.004555198812594221, -0.05698518803569422, 0.9900526748623232, 0.12864054315221018, -0.002806171812919676, 0.1286905768829804, -0.9916808260833131], [0.54, -0.9965584323760864, -0.053771332975095495, -0.06308672293120075, -0.061780394852186546, 0.9892193160622292, 0.1327717121275565, 0.055267292968125416, 0.13621229195434686, -0.9891368650740496], [0.55, -0.9913453571299158, -0.050092627131230964, -0.12134707085072695, -0.06670284705719189, 0.9883307660974844, 0.13694169189704308, 0.11307127438666618, 0.14385070556744334, -0.9831184371256213], [0.56, -0.9827584255501588, -0.04580550001316869, -0.1791304920406262, -0.0717498819134357, 0.9873840145716951, 0.14115509985009675, 0.17040490443523415, 0.15157395533806708, -0.9736464987908048], [0.5700000000000001, -0.9708362167713134, -0.04088037420583859, -0.23623258710422168, -0.07691893041401034, 0.9863758568542186, 0.14541714877919426, 0.22706941306377598, 0.15934699250345546, -0.96075387984175], [0.58, -0.9556291848903561, -0.035288822928435215, -0.2924509530880685, -0.08220754270039633, 0.9853028743906059, 0.14973364899304575, 0.28286884047020205, 0.16713151915164193, -0.9444851901417556], [0.59, -0.9371994859390781, -0.029003824061103828, -0.34758581925239734, -0.08761341297518982, 0.9841614130515618, 0.1541110084555665, 0.3376107424569997, 0.17488593782858983, -0.9248966944083258], [0.6, -0.9156207652948848, -0.022000028396040365, -0.4014406717204707, -0.09313440374833745, 0.9829475593833684, 0.15855623084798928, 0.3911068869238319, 0.1825653150323265, -0.9020561560944508], [0.61, -0.890977905997044, -0.014254042005526692, -0.45382286556720286, -0.09876856924560176, 0.9816571146200072, 0.1630769114408876, 0.4431739396154738, 0.19012136019507908, -0.8760426517260868], [0.62, -0.8633667384930874, -0.005744722521076592, -0.5045442230637118, -0.10451417779692801, 0.9802855663157386, 0.16768123065049298, 0.4936341372952654, 0.19750242184891695, -0.8469463571328302], [0.63, -0.8328937123885215, 0.0035465109927339603, -0.5534216169643585, -0.11036973301024239, 0.9788280574568713, 0.17237794513932359, 0.5423159465652053, 0.20465350276744904, -0.8148683070939127], [0.64, -0.7996755308119092, 0.013635355010471549, -0.6002775379059508, -0.11633399352288137, 0.9772793529132653, 0.17717637630465352, 0.5890547066034784, 0.2115162959754364, -0.7799201299909639], [0.65, -0.7638387480365274, 0.02453428594441421, -0.6449406451846467, -0.12240599110822464, 0.9756338030941613, 0.18208639597959195, 0.6336932541370499, 0.21802924361933937, -0.7422237591104014], [0.66, -0.7255193310191022, 0.036252212706563765, -0.687246300383984, -0.12858504689908426, 0.9738853046796611, 0.1871184091503683, 0.676082529009259, 0.22412762079423051, -0.7019111222694528], [0.67, -0.6848621855256815, 0.0487941183471148, -0.727037083546441, -0.1348707854719002, 0.9720272583091316, 0.1922833334697134, 0.7160821587382131, 0.22974364652533938, -0.6591238114482438], [0.68, -0.6420206475148826, 0.062160691879775846, -0.7641632918098056, -0.14126314651674507, 0.9700525231216283, 0.1975925753199018, 0.7535610204892229, 0.2348066242046634, -0.6140127340933984], [0.6900000000000001, -0.5971559404400453, 0.07634795162566708, -0.7984834206667847, -0.1477623937974923, 0.9679533680617501, 0.20305800214999814, 0.7883977789012343, 0.23924311388309305, -0.5667377477132801], [0.7000000000000001, -0.5504365991151899, 0.09134686165552508, -0.8298646282498066, -0.15436912108425713, 0.9657214198880564, 0.20869191078014998, 0.8204813982109389, 0.2429771389145129, -0.5174672793083055], [0.71, -0.5020378607662851, 0.1071429431875722, -0.8581831832903256, -0.16108425471639395, 0.9633476078510855, 0.2145069913314129, 0.8497116271063235, 0.2459304295378992, -0.4663779310683861], [0.72, -0.45214102386084776, 0.12371588310880573, -0.8833248976501639, -0.16790905242903137, 0.9608221050452199, 0.220516286402744, 0.8759994547112738, 0.24802270606353877, -0.41365407362006046], [0.73, -0.4009327752774674, 0.14103914213392865, -0.9051855445677606, -0.17484509804950965, 0.958134266484212, 0.22673314507768466, 0.8992675360516276, 0.24917200439633364, -0.3594874279147301], [0.74, -0.3486044863451555, 0.15907956550207694, -0.9236712640001854, -0.18189429164240464, 0.9552725640053972, 0.23317117130224668, 0.9194505852779353, 0.24929504667807628, -0.3040766366129395], [0.75, -0.2953514782538365, 0.17779699954030628, -0.9386989566670128, -0.18905883465346088, 0.9522245181738209, 0.2398441661331595, 0.9364957348182368, 0.24830765985587233, -0.24762682553421284], [0.76, -0.24137225731590545, 0.1971439178977707, -0.9501966686082103, -0.1963412095742162, 0.9489766274361614, 0.24676606331264897, 0.9503628585025604, 0.24612524497866042, -0.190349155404053], [0.77, -0.1868677205495499, 0.217065061778679, -0.958103968247514, -0.20374415362107035, 0.9455142948670556, 0.25395085758328884, 0.9610248565369414, 0.2426632999797712, -0.13246036373601935], [0.78, -0.13204033206330434, 0.23749709907796526, -0.9623723180963611, -0.21127062589590082, 0.9418217529587724, 0.2614125251154194, 0.9684679000060697, 0.237837998610854, -0.07418229623445716], [0.79, -0.07709327075506309, 0.25836830795293875, -0.9629654433310796, -0.21892376747119885, 0.9378819870309566, 0.26916493538178704, 0.9726916323483531, 0.23156682803977027, -0.015741426590257825], [0.8, -0.02222954990552555, 0.27959829104762934, -0.9598596995156341, -0.22670685382246605, 0.9336766579819282, 0.27722175378136715, 0.9737093249737918, 0.2237692873987472, 0.04263163703331257], [0.81, 0.032348890644918325, 0.3010977273232591, -0.9530444417102548, -0.2346232390160062, 0.9291860252684548, 0.2855963342892346, 0.9715479838832877, 0.21436764925374935, 0.10070266116513679], [0.8200000000000001, 0.0864421188850075, 0.3227681692353475, -0.9425223970872696, -0.2426762910533447, 0.9243888711884551, 0.2943016013947706, 0.9662484037985588, 0.2032877855440315, 0.1582343148793626], [0.8300000000000001, 0.13985317050981622, 0.3445018938298228, -0.9283100429522552, -0.2508693177767896, 0.9192624277518842, 0.3033499205899355, 0.957865165927105, 0.1904600589923711, 0.2149867201295516], [0.84, 0.19238903290490902, 0.3661818171982581, -0.9104379917222782, -0.25920548275704974, 0.9137823076599118, 0.31275295668692127, 0.946466575070984, 0.17582028028958432, 0.2707180291600348], [0.85, 0.24386165146003388, 0.38768148262280705, -0.8889513839229721, -0.26768771061673796, 0.9079224411715264, 0.3225215192850023, 0.9321345313483214, 0.15931073048768143, 0.32518503443351576], [0.86, 0.294088955932064, 0.4088651336363398, -0.863910289610748, -0.27631858129692644, 0.9016550209193299, 0.3326653947753152, 0.9149643313423985, 0.14088124696885843, 0.37814381738124075], [0.87, 0.3428959039514163, 0.42958788409819293, -0.8353901177829305, -0.2851002128520741, 0.8949504570407415, 0.3431931643757923, 0.8950643930383125, 0.1204903700658485, 0.4293504431537852], [0.88, 0.390115538002381, 0.44969599820913336, -0.8034820322843589, -0.29403413246648497, 0.8877773453140763, 0.3541120078333587, 0.8725558984694298, 0.09810654586612563, 0.478561709400599], [0.89, 0.43559005129054545, 0.46902729412046645, -0.7682933714322498, -0.3031211355282834, 0.8801024513262116, 0.36542749262423757, 0.8475723475979756, 0.07370937891222973, 0.5255359579016733], [0.9, 0.47917185682624885, 0.48741168538203605, -0.7299480670422572, -0.3123611327802911, 0.8718907140429013, 0.3771433487335721, 0.8202590166245648, 0.04729092638976806, 0.5700339585737848], [0.91, 0.5207246527909306, 0.5046718748620773, -0.6885870567320882, -0.3217529857969175, 0.8631052724948889, 0.3892612294106514, 0.7907723136949933, 0.01885702295482855, 0.6118198759265245], [0.92, 0.5601244758068034, 0.5206242158871343, -0.6443686812951581, -0.33129433131789043, 0.8537075196204866, 0.40178045868368095, 0.7592790248905776, -0.011571377417743584, 0.6506623283899802], [0.93, 0.5972607320990349, 0.5350797551096901, -0.5974690565747139, -0.34098139530858584, 0.8436571876025951, 0.41469776688558324, 0.7259554434990722, -0.04395685928536805, 0.6863355510068174], [0.9400000000000001, 0.6320371947314277, 0.5478454709205973, -0.548082406639564, -0.3508087980172953, 0.8329124692859261, 0.4280070159958619, 0.6909863759219048, -0.07824422342774193, 0.7186206716971769], [0.9500000000000001, 0.6643729531299879, 0.5587257199784347, -0.4964213421922133, -0.36076935176499203, 0.8214301804351191, 0.4416989172472522, 0.6545640182414598, -0.114359208220883, 0.7473071105768273], [0.96, 0.6942032990159924, 0.567523902516191, -0.44271706507441694, -0.37085385373406893, 0.8091659676692607, 0.45576074418104373, 0.6168866985159449, -0.15220728247578028, 0.7721941105417961], [0.97, 0.7214805306996626, 0.5740443543902131, -0.3872194765427699, -0.3810508766172796, 0.7960745668515841, 0.4701760451589015, 0.5781574813582679, -0.1916725416036062, 0.7930924054261759], [0.98, 0.7461746555053383, 0.578094470241098, -0.33019716376455077, -0.39134656064128037, 0.7821101164901691, 0.48492436024391916, 0.5385826333588282, -0.23261674307839042, 0.8098260293938888], [0.99, 0.7682739679989726, 0.5794870575329716, -0.2719372358594758, -0.40172441118060415, 0.7672265302786953, 0.49998094833514545, 0.49836995049532296, -0.27487852114760253, 0.8222342677455109], [1.0, 0.78778547978285, 0.5780429155356408, -0.2127449779486248, -0.4121651069118954, 0.7513779322370336, 0.5153165314556729, 0.45772695189120194, -0.3182728243916776, 0.8301737449270085], [1.01, 0.8047351750498584, 0.5735936264517062, -0.15294328926583803, -0.4226463242025055, 0.7345191569615901, 0.5308970641231169, 0.41685894817741875, -0.3625906228109255, 0.8335206401607587], [1.02, 0.8191680650142974, 0.5659845378490078, -0.09287186967309691, -0.4331425841524425, 0.7166063162300971, 0.5466835367311458, 0.37596699729427835, -0.4075989333339512, 0.8321730147574775], [1.03, 0.8311480139443463, 0.5550779063774459, -0.03288611816557535, -0.4436251293766853, 0.6975974315970654, 0.5626318227888438, 0.3352457658224605, -0.4530412136669346, 0.826053227835412], [1.04, 0.8407573100162747, 0.5407561625431812, 0.026644292555258492, -0.4540618381805114, 0.6774531306471899, 0.578692580637126, 0.2948813197921032, -0.49863817387750625, 0.8151104089568316], [1.05, 0.848095955804376, 0.522925245289358, 0.08533719931733635, -0.46441718419078715, 0.6561374022430854, 0.594811220813794, 0.2550488752701383, -0.5440890526529277, 0.7993229472539102], [1.06, 0.8532806561222784, 0.5015179436046752, 0.1428001195030022, -0.4746522497020421, 0.6336184034298759, 0.6109279504882432, 0.2159105456903948, -0.5890734004158675, 0.7787009472076959], [1.07, 0.8564434853302778, 0.47649717078140597, 0.1986328338232185, -0.48472480091462555, 0.6098693076871338, 0.6269779062451033, 0.1776131296205415, -0.6332534040797038, 0.7532885917149315], [1.08, 0.8577302222700943, 0.4478590858280345, 0.25243039643785264, -0.4945894328198623, 0.5848691810236203, 0.6428913858745398, 0.1402859891344149, -0.6762767779023886, 0.7231663438812276], [1.09, 0.8572983487715793, 0.4156359665826004, 0.30378657718285007, -0.5041977906645511, 0.5586038691012487, 0.6585941886428252, 0.10403907478687889, -0.7177802314831908, 0.688452910669588], [1.1, 0.8553147171970347, 0.37989873104786814, 0.3522977273477305, -0.5134988736547065, 0.5310668752962108, 0.6740080717012715, 0.0689611579188179, -0.7573935094198643, 0.6493068847526241], [1.11, 0.8519529036383189, 0.34075899822740974, 0.3975670447978427, -0.5224394248028694, 0.502260206536336, 0.6890513277991157, 0.035118334155888054, -0.7947439776790572, 0.6059279763709429], [1.12, 0.8473902759163674, 0.298370578156798, 0.4392091965940156, -0.5309644085745514, 0.4721951611033055, 0.7036394862837788, 0.0025528629926789004, -0.8294617097377078, 0.5585577454207749], [1.1300000000000001, 0.841804819059629, 0.2529302837334184, 0.4768552381787562, -0.5390175752678311, 0.4408930305865067, 0.7176861355304518, -0.02871759322042458, -0.8611850016986935, 0.5074797460873174], [1.1400000000000001, 0.8353717749086842, 0.20467796507462996, 0.5101577484453443, -0.5465421079223245, 0.408385687060042, 0.7311038605234688, -0.05870027217770635, -0.8895662208163067, 0.45301900272379], [1.1500000000000001, 0.8282601662123237, 0.15389568099907314, 0.5387960805683025, -0.5534813440968371, 0.3747160265543692, 0.7438052844529026, -0.08742710565203338, -0.914277867397618, 0.3955407468064085], [1.16, 0.8206292882237092, 0.10090594206117787, 0.5624816105137969, -0.559779561217689, 0.33993824120705457, 0.7557041980881052, -0.11495396536170438, -0.9350187073111429, 0.3354483608930285], [1.17, 0.8126252614690388, 0.046068985232666226, 0.5809628499499846, -0.5653828105599401, 0.30411789524728045, 0.7667167555973372, -0.14135933625239944, -0.9515198129256145, 0.27318049649322423], [1.18, 0.8043777471167887, -0.010220928762401604, 0.5940302791597021, -0.5702397814915223, 0.26733178426294585, 0.7767627106956734, -0.16674241076528945, -0.9635503358610922, 0.2092073581740274], [1.19, 0.7959969303460808, -0.06754016934207213, 0.601520749770829, -0.5743026746158735, 0.2296675629867838, 0.7857666628463982, -0.19122061815785002, -0.9709228270243497, 0.14402617524038408], [1.2, 0.787570876557556, -0.12544127728177346, 0.6033213077227426, -0.5775280601263725, 0.19122313397604185, 0.7936592800434265, -0.21492662507244686, -0.9734979193538619, 0.0781559137152772], [1.21, 0.779163359672013, -0.18345929079422463, 0.5993722946265545, -0.5798776962542317, 0.15210579778791078, 0.8003784627700748, -0.23800486619291242, -0.9711881974677118, 0.012131313527830263], [1.22, 0.7708122509057812, -0.2411187169410545, 0.5896696008734572, -0.5813192823320095, 0.11243117419636223, 0.8058704133158286, -0.26060768569357295, -0.9639610964191069, -0.05350363303471079], [1.23, 0.7625285404431544, -0.29794097560947713, 0.5742659663104763, -0.5818271218309772, 0.0723219131866753, 0.810090575907966, -0.28289118987963113, -0.9518406988177652, -0.11820261741008337], [1.24, 0.7542960438823368, -0.35345211622204575, 0.5532712532940905, -0.5813826728100596, 0.031906223368406546, 0.8130044161421247, -0.30501092757422205, -0.9349083347839634, -0.1814241979775295], [1.25, 0.7460718211328909, -0.40719058851864054, 0.5268516511631091, -0.5799749664971487, -0.008683746491682284, 0.8145880129141965, -0.32711752620133694, -0.9133019310002093, -0.2426390464933586], [1.26, 0.7377873088458002, -0.458714839762668, 0.4952278088794916, -0.577600879078967, -0.049313630432499464, 0.8148284422752877, -0.3493524171853931, -0.8872141013504448, -0.3013370653796945], [1.27, 0.729350139965865, -0.50761051254569, 0.458671931651453, -0.5742652469856759, -0.08984862553081097, 0.813723940040297, -0.3718437836461083, -0.8568890196771844, -0.35703418396621384], [1.28, 0.7206465972426785, -0.5534970302064903, 0.41750391547282967, -0.5699808217318085, -0.13015527952009032, 0.811283838167, -0.39470285626085916, -0.8226181621904796, -0.4092786514025339], [1.29, 0.7115446231425915, -0.5960333801469845, 0.3720866283910617, -0.5647680663775431, -0.1701032356374735, 0.8075282784062944, -0.4180206699160209, -0.7847350501769518, -0.457656662299085], [1.3, 0.7018972880387528, -0.6349229376530161, 0.3228204768689685, -0.5586548015453976, -0.2095668866668874, 0.8024877149981926, -0.4418653751473592, -0.7436091602816712, -0.5017971771453795], [1.31, 0.6915466030060128, -0.669917212191512, 0.27013741814194614, -0.5516757143193789, -0.2484268945231819, 0.7962022257616282, -0.46628017553939305, -0.6996391976491313, -0.5413758315734388], [1.32, 0.6803275538164958, -0.7008184420607918, 0.2144945938375776, -0.5438717479596679, -0.28657153803679686, 0.7887206573676894, -0.49128193666097497, -0.653245945149841, -0.576117864551979], [1.33, 0.6680722291824787, -0.7274810089743781, 0.15636776578558412, -0.5352893939454236, -0.32389785941019944, 0.7800996355588383, -0.5168604853581822, -0.6048649090921974, -0.6058000333643049], [1.34, 0.6546139188333173, -0.7498116889125667, 0.09624473201049077, -0.5259799102544319, -0.3603125885990209, 0.7704024743637655, -0.5429785919153964, -0.5549389783274886, -0.6302515204697376], [1.35, 0.6397910651282156, -0.7677687968603002, 0.03461889007160629, -0.5159984909367938, -0.3957328340587548, 0.7596980198728815, -0.5695726032149495, -0.503911300345123, -0.6493538719769311], [1.36, 0.6234509647324, -0.7813603187663513, -0.028016902605132843, -0.505403411967483, -0.4300865373409548, 0.7480594639262939, -0.5965536738180952, -0.4522185562926551, -0.6630400377041497], [1.37, 0.6054531333073955, -0.7906411526684383, -0.09117604441617694, -0.4942551771776469, -0.46331269742700576, 0.7355631612825678, -0.6238095247760731, -0.4002847887567492, -0.6712926073543598], [1.3800000000000001, 0.5856722649382744, -0.7957096015220079, -0.15438338034827115, -0.4826156859396836, -0.49536137805003544, 0.7222874807314177, -0.6512066475144738, -0.3485159037720617, -0.6741413553928453], [1.3900000000000001, 0.564000737873657, -0.7967032725700688, -0.21717979453465028, -0.4705474414327361, -0.5261935172871205, 0.7083117164964268, -0.6785928625023078, -0.2972949340993743, -0.6716602185032045], [1.4000000000000001, 0.5403506379015471, -0.7937945423971253, -0.27912615889581144, -0.45811281498079165, -0.5557805632375249, 0.6937150814835689, -0.705800139465675, -0.24697811641503428, -0.6639638342126141], [1.41, 0.5146552893021129, -0.7871857438969635, -0.33980661823858427, -0.44537337837246394, -0.5841039625896461, 0.6785757988052413, -0.7326475872003243, -0.19789180248928337, -0.6512037680151167], [1.42, 0.4868703000001655, -0.7771042223736473, -0.39883121561231605, -0.4323893124590606, -0.6111545303757291, 0.662970302858584, -0.7589445259364677, -0.15033019513813872, -0.6335645499716658], [1.43, 0.4569741417207535, -0.7637973942182136, -0.455837881690462, -0.419218896873475, -0.6369317293593391, 0.6469725563263935, -0.7844935629453995, -0.10455387472871841, -0.6112596313976935], [1.44, 0.4249682973095241, -0.747527924467192, -0.5104938279975728, -0.40591808256448786, -0.6614428864957496, 0.6306534850068934, -0.8090936018341839, -0.06078906189391692, -0.5845273590047297], [1.45, 0.3908770158167473, -0.7285691204222926, -0.5624963957869246, -0.39254014610354804, -0.6847023719841592, 0.6140805285109361, -0.8325427269535172, -0.019227547070607198, -0.5536270488609171], [1.46, 0.35474672154972664, -0.7072006186356214, -0.6115734204092874, -0.3791354224556758, -0.7067307638390774, 0.5973173016770821, -0.8546409158173255, 0.019972792614663892, -0.5188352267975784], [1.47, 0.3166451263076031, -0.6837044229965262, -0.6574831754201999, -0.36575111113598535, -0.727554017884942, 0.5804233590770357, -0.8751925437801867, 0.05668697411632284, -0.4804420862883487], [1.48, 0.2766600947599285, -0.6583613332294755, -0.7000139619148572, -0.3524311493893977, -0.7472026598396415, 0.5634540532009982, -0.8940086559466277, 0.09082147343482519, -0.43874820005970605], [1.49, 0.23489831180735388, -0.6314477864337266, -0.7389834072007316, -0.33921614519958077, -0.765711012884178, 0.5464604757746194, -0.9109089910336775, 0.12231245952818276, -0.3940615082676492], [1.5, 0.19148379818010908, -0.6032331197538621, -0.7742375334912034, -0.32614336250298376, -0.7831164709657, 0.5294894710921789, -0.9257237504405765, 0.15112377752773007, -0.34669459432760485], [1.51, 0.14655631688754983, -0.5739772500613762, -0.8056496523876466, -0.3132467508937926, -0.7994588251604011, 0.5125837101660887, -0.938295112976103, 0.17724475531064654, -0.29696224958743617], [1.52, 0.10026970879708197, -0.5439287566865803, -0.8331191350264018, -0.3005570122905447, -0.8147796478063847, 0.4957818147970796, -0.9484785015279631, 0.20068789990902614, -0.24517932002796433], [1.53, 0.052790190913253654, -0.513323345677415, -0.8565701013494966, -0.28810169743049285, -0.8291217368478269, 0.47911852127016663, -0.9561436124772316, 0.2214865419590714, -0.19165882199888828], [1.54, 0.004294646113479628, -0.4823826685980003, -0.8759500653867385, -0.2759053256035878, -0.8425286209272603, 0.4626248741928893, -0.9611752219644125, 0.2396924778850607, -0.13671030951241947], [1.55, -0.0450310716148572, -0.45131346527794347, -0.8912285670062603, -0.2639895216807234, -0.855044124218022, 0.4463284419382421, -0.963473785337204, 0.25537365114484784, -0.08063847263526946], [1.56, -0.09499379684456916, -0.4203069979166808, -0.9023958145200583, -0.2523731651853367, -0.8667119887839865, 0.43025354617067524, -0.9629558474070279, 0.2686119059170198, -0.023741944828480965], [1.57, -0.14539466178283544, -0.3895387432602514, -0.9094613569714104, -0.24107254686657723, -0.8775755513579326, 0.41442149896703323, -0.9595542816705666, 0.27950083927967867, 0.03368770353761741], [1.58, -0.19603064290374017, -0.35916830993425636, -0.9124527999747253, -0.2301015289273291, -0.8876774708065842, 0.3988508420546847, -0.9532183765685865, 0.2881437713388847, 0.09136680803526354], [1.59, -0.2466960364899286, -0.3293395491895047, -0.9114145746694057, -0.2194717057201997, -0.8970595021599916, 0.38355758364648973, -0.9439137863006483, 0.29465184697218805, 0.14902031105675623], [1.6, -0.29718385716543966, -0.3001808290761095, -0.9064067656937755, -0.20919256233460778, -0.9057623128858778, 0.36855542923623585, -0.9316223628188369, 0.2991422778725942, 0.20638234102035674], [1.61, -0.34728715578423475, -0.2718054442182928, -0.8975040010610502, -0.19927162904938553, -0.9138253370483014, 0.3538560035163497, -0.9163418844968843, 0.3017367293881461, 0.2631966885332031], [1.62, -0.3968002549027071, -0.2443121357578756, -0.8847944043847541, -0.1897146301134008, -0.9212866630699226, 0.3394690612860355, -0.8980856957050823, 0.302559853204142, 0.31921719627708944], [1.6300000000000001, -0.4455199015485644, -0.2177856985416957, -0.8683786080016381, -0.18052562574074113, -0.928182950987859, 0.3254026858315449, -0.8768822701908568, 0.30173796414467785, 0.374208077436543], [1.6400000000000001, -0.49324633814661645, -0.1922976551471184, -0.8483688241147676, -0.1717071465686826, -0.9345493753281862, 0.31166347378372383, -0.8527747098279794, 0.2993978572044511, 0.42794417554067543], [1.6500000000000001, -0.5397842933194812, -0.16790697879521674, -0.8248879700646937, -0.16326032012957528, -0.9404195900016488, 0.29825670589664793, -0.8258201889980511, 0.2956657592840158, 0.4802111767027393], [1.6600000000000001, -0.5849438948924105, -0.14466084953909314, -0.798068843170014, -0.15518498913664985, -0.9458257119250154, 0.28518650355196606, -0.796089353637363, 0.29066640891607265, 0.5308057834585829], [1.67, -0.6285415078383458, -0.12259543029888464, -0.768053340201141, -0.14747982158402156, -0.9507983203844981, 0.2724559710844346, -0.7636656828415452, 0.28452225646484747, 0.5795358577571432], [1.68, -0.6704005001403964, -0.10173665132322539, -0.7349917164084525, -0.1401424128185181, -0.955366469468734, 0.260067324253261, -0.7286448198820263, 0.2773527767886654, 0.626220539160691], [1.69, -0.7103519396585734, -0.08210099347861453, -0.6990418790695785, -0.1331693798610573, -0.9595577112007875, 0.24802200535945937, -0.6911338785580723, 0.269273886117705, 0.6706903429782967], [1.7, -0.7482352250959109, -0.06369626240113108, -0.6603687107077363, -0.12655644834356933, -0.9633981272856547, 0.2363207856392562, -0.6512507299867949, 0.2603974548620245, 0.7127872418843135], [1.71, -0.7838986540918309, -0.046522346993458294, -0.6191434174270418, -0.12029853248894219, -0.9669123676579371, 0.22496385565492344, -0.6091232742179722, 0.2508309081838651, 0.7523647335605481], [1.72, -0.8171999313495215, -0.03057195702289183, -0.5755428981806032, -0.11438980860077069, -0.9701236942613977, 0.21395090446384588, -0.5648887004451557, 0.24067690640443487, 0.7892878960385586], [1.73, -0.8480066195471325, -0.015831335684473383, -0.529749131207113, -0.10882378255088974, -0.973054028716869, 0.20328118838000703, -0.5186927390619249, 0.23003309763665913, 0.823433431696893], [1.74, -0.8761965356043457, -0.0022809439509182544, -0.48194857432057514, -0.10359335175937763, -0.9757240027373162, 0.1929535901545428, -0.47068890837388555, 0.21899193541535314, 0.8546897002753909], [1.75, -0.9016580946879291, 0.010103885648321494, -0.43233157619880047, -0.09869086215701967, -0.9781530103292171, 0.18296666939799394, -0.42103775841418034, 0.2076405545135543, 0.8829567407924728], [1.76, -0.9242906041512565, 0.021352327478487983, -0.3810917962761165, -0.09410816060677829, -0.9803592609788242, 0.1733187050501557, -0.3699061140139677, 0.1960606985714002, 0.9081462818790706], [1.77, -0.9440045094203177, 0.03149747455186304, -0.3284256312941486, -0.08983664324084784, -0.9823598331616312, 0.16400773067715016, -0.3174663190408109, 0.1843286936087454, 0.9301817397622743], [1.78, -0.9607215936673786, 0.040575784157941094, -0.27453164699389315, -0.08586730014522682, -0.9841707276349247, 0.15503156334215146, -0.2638954835289549, 0.17251546193460504, 0.9489982029311268], [1.79, -0.9743751329567133, 0.048626557538347555, -0.21961001383715897, -0.0821907567959406, -0.9858069200783242, 0.14638782675823525, -0.20937473527839487, 0.16068657139804288, 0.9645424023854233], [1.8, -0.984910008406901, 0.055691453435789046, -0.1638619460220337, -0.07879731262131473, -0.987282412737266, 0.13807396939083774, -0.15408847738743264, 0.14890231534093937, 0.9767726662957612], [1.81, -0.9922827767923464, 0.06181403507099547, -0.10748914340300723, -0.07567697703401897, -0.9886102848010958, 0.1300872781346773, -0.09822365309976551, 0.1372178190095516, 0.9856588578803516], [1.82, -0.9964617009033417, 0.06703934987961982, -0.050693236240520856, -0.07281950324573877, -0.9898027413122715, 0.1224248881468001, -0.041969019286411474, 0.12568316855661538, 0.9911822953229675], [1.83, -0.9974267408990881, 0.07141354116447422, 0.006324767013348347, -0.07021442014688235, -0.9908711604576267, 0.11508378937449515, 0.014485570159999786, 0.11434355911771343, 0.9933356526096471], [1.84, -0.995169507820981, 0.07498349068036138, 0.06336502843631321, -0.06785106250414212, -0.9918261391379936, 0.10806083027480758, 0.07094986977018085, 0.10323945877429778, 0.9921228402428727], [1.85, -0.9896931803832255, 0.0777964910630724, 0.12022942518871792, -0.06571859970032495, -0.9926775367499256, 0.10135271918171897, 0.12723393555323464, 0.09240678552126587, 0.9875588648952841], [1.86, -0.981012386123362, 0.07989994693566438, 0.17672208903310652, -0.06380606321387974, -0.9934345171439326, 0.09495602373808329, 0.18314880444516582, 0.08187709463994844, 0.9796696671856421], [1.87, -0.9691530479751789, 0.08134110346942612, 0.23264993979538554, -0.06210237301012951, -0.994105588748451, 0.08886716877230892, 0.2385071589427268, 0.07167777413865063, 0.9684919368934349], [1.8800000000000001, -0.9541521973194199, 0.08216680114018425, 0.2878232116089866, -0.060596362992452815, -0.9946986428686597, 0.08308243296469306, 0.29312397572121074, 0.0618322461635936, 0.9540729050715963], [1.8900000000000001, -0.9360577545721824, 0.08242325539954824, 0.3420559706753044, -0.059276805639593574, -0.9952209901849174, 0.07759794461529457, 0.346817157041646, 0.05236017250442666, 0.9364701126660995], [1.9000000000000001, -0.9149282783854815, 0.0821558599726065, 0.39516662318918105, -0.058132435934912435, -0.9956793954877348, 0.07240967679428115, 0.39940814376130596, 0.043277662521680055, 0.9157511554040253], [1.9100000000000001, -0.8908326845577577, 0.08140901249616345, 0.4469784120156345, -0.05715197467470728, -0.9960801106954079, 0.06751344212677624, 0.45072250877274855, 0.03459748200987245, 0.8919934048658522], [1.92, -0.8638499357826522, 0.08022596122290829, 0.49731990066170495, -0.05632415122567316, -0.9964289062071658, 0.06290488743729415, 0.5005905297116748, 0.026329261680714904, 0.8652837058111826], [1.93, -0.8340687034009447, 0.07864867153531721, 0.546025443063596, -0.05563772578608861, -0.9967311006494385, 0.058579488453814096, 0.5488477397934863, 0.018479704107163455, 0.835718049978396], [1.94, -0.8015870023617943, 0.0767177110372584, 0.5929356377026398, -0.05508151119133457, -0.9969915890759321, 0.05453254474830663, 0.595335455663033, 0.011052788112096468, 0.8034012267263708], [1.95, -0.766511800644234, 0.07447215202006792, 0.6378977645725323, -0.05464439429179655, -0.9972148696839602, 0.050759175068994855, 0.6399012811720388, 0.004049969716194084, 0.7684464510294007], [1.96, -0.7289586044371051, 0.07194949013236086, 0.6807662035433322, -0.0543153569199938, -0.9974050691101777, 0.047254313199700235, 0.6823995860342837, -0.0025296211208378806, 0.7309749694738003], [1.97, -0.6890510204242808, 0.06918557811825672, 0.7214028327035457, -0.05408349645383806, -0.9975659663687227, 0.04401270446318749, 0.7226919583498802, -0.008688988622319305, 0.6911156450357178], [1.98, -0.6469202965711678, 0.06621457352638578, 0.7596774053089843, -0.0539380459741704, -0.99770101549397, 0.04102890296838346, 0.7606476300369049, -0.01443308473679818, 0.6490045215437408], [1.99, -0.602704842857255, 0.063068899331466, 0.7954679040247499, -0.05386839400707902, -0.9978133669488127, 0.03829726968560218, 0.796143874261122, -0.019768628566267772, 0.604784368846533], [2.0, -0.5565497334471006, 0.059779216450951245, 0.8286608712135936, -0.053864103834888044, -0.9979058878577292, 0.03581197141937064, 0.8290663740123742, -0.024703932063291877, 0.5586042098145936], [2.0100000000000002, -0.5086061918379248, 0.056374407180875094, 0.8591517140989299, -0.05391493235405399, -0.997981181121965, 0.03356698073502862, 0.8593095610391998, -0.029248732304373443, 0.5106188304060135], [2.02, -0.45903106056526455, 0.05288156861723944, 0.8868449837129986, -0.054010848453444886, -0.9980416034720698, 0.031556076882890714, 0.8867769244210562, -0.03341403057818821, 0.46098827411860754], [2.0300