[[0.0, 1.0, 0.0, 0.0, 0.0, 1.0, 0.0, 0.0, 0.0, 1.0], [0.01, 0.9999990008996901, -0.0009691273008655708, 0.0010290733194758123, 0.0010290733194758123, 0.9982011198915378, -0.059945519060086404, -0.0009691273008655708, 0.05994651816039657, 0.9982011198915378], [0.02, 0.9999958489186733, -0.0018567567632211044, 0.0022033156250378886, 0.0021070403006509613, 0.9928144518106894, -0.11964541218538806, -0.0019653311661743224, 0.11964955800236875, 0.9928142428184865], [0.03, 0.9999902992235395, -0.0026531229435921735, 0.003516020116915467, 0.0032393092295136656, 0.983864618120578, -0.17888521483388553, -0.0029846833218881083, 0.17889486898482015, 0.9838636681554883], [0.04, 0.999982092412748, -0.0033489192413819527, 0.004959797751614232, 0.004430899730107494, 0.9713890132681073, -0.23745263112796802, -0.004022683358648703, 0.2374703552907769, 0.9713864567599593], [0.05, 0.9999709578172695, -0.0039353387204283385, 0.0065266094695400016, 0.005686388192650731, 0.9554376241796259, -0.29513829180794937, -0.005074299097892646, 0.2951668331827736, 0.9554322540491909], [0.06, 0.999956616956628, -0.0044041127687827275, 0.008207800885503345, 0.007009857445885846, 0.9360728058394417, -0.3517364980585093, -0.006134012002318167, 0.35177877417291, 0.936063068354991], [0.07, 0.9999387871129296, -0.004747547457805194, 0.009994139295560742, 0.008404851131498754, 0.9133690131731546, -0.4070459485765152, -0.0071958671875270224, 0.4071050313717992, 0.9133530056485203], [0.08, 0.9999171849843266, -0.004958557471807972, 0.01187585284595694, 0.009874333192062778, 0.8874124905123927, -0.46087044733482807, -0.008253527550821739, 0.4609495464694495, 0.8873879618817108], [0.09, 0.999891530378615, -0.005030697489999939, 0.013842671702946972, 0.011420652834022429, 0.8583009200647215, -0.5130195895917596, -0.009300331497113207, 0.5131220348989282, 0.8582652743384337], [0.1, 0.9998615499073574, -0.0049581909133334335, 0.01588387105601191, 0.013045515274240766, 0.8261430309517762, -0.563309423799249, -0.010329353710984344, 0.5634386468398128, 0.8260933335278974], [0.11, 0.9998269806409654, -0.004735955839974172, 0.017988315781451224, 0.014749958523116611, 0.791058170509541, -0.6115630871738952, -0.01133346839840886, 0.61172260183222, 0.7909911572841268], [0.12, 0.9997875736856421, -0.004359628204450182, 0.020144506588544865, 0.016534336399779002, 0.7531758396668107, -0.657611412813079, -0.012305414401632644, 0.657804794892918, 0.7530879288584371], [0.13, 0.9997430976439465, -0.003825582007031431, 0.022340627466433973, 0.01839830791594295, 0.7126351943309424, -0.701293506362871, -0.01323786157642758, 0.7015243721519643, 0.712522500906235], [0.14, 0.9996933419219455, -0.0031309465714947603, 0.024564594246568656, 0.020340833105225307, 0.66958451481369, -0.7424572903745377, -0.014123477812404387, 0.742729274160701, 0.6694428673749543], [0.15, 0.9996381198475355, -0.002273620781087598, 0.02680410409301269, 0.022360175314638905, 0.6241806454241787, -0.7809600146215906, -0.014954996074351405, 0.781276745159102, 0.624005605396311], [0.16, 0.9995772715664295, -0.001252284254168486, 0.029046685731068403, 0.02445390991516607, 0.5765884064406412, -0.816668730788747, -0.015725280845620332, 0.8170338067316363, 0.5763752893731113], [0.17, 0.9995106666845878, -6.640543262641241e-05, 0.031279750223581794, 0.026618939329312447, 0.5269799807474808, -0.8494607300872521, -0.016427393363328546, 0.8498776944253235, 0.526723879528528], [0.18, 0.9994382066284009, 0.0012837534322812476, 0.03349064210389183, 0.02885151421589403, 0.47553427748943455, -0.8792239424970475, -0.017054655049455875, 0.8796962560507612, 0.47523008725397176], [0.19, 0.9993598266968016, 0.00279713440062182, 0.035666690674685725, 0.03114726059653461, 0.4224362751502255, -0.9058572964846806, -0.0176007085616011, 0.9063883105360241, 0.42207871965047206], [0.2, 0.9992754977825322, 0.004471885063716876, 0.037795261282991544, 0.0335012126549396, 0.36787634650912354, -0.9292710381959335, -0.01805957591199772, 0.9298639663537223, 0.3674600057078356], [0.21, 0.9991852277431046, 0.0063053628449722034, 0.039863806383163045, 0.03590785088943433, 0.3120495679654979, -0.9493870092733779, -0.018425713133097914, 0.9500448986926565, 0.3115689066059022], [0.22, 0.9990890624054503, 0.008294142352465315, 0.04185991620196486, 0.03836114525194366, 0.2551550157488589, -0.9661388826008189, -0.018694061002301223, 0.9668645846967593, 0.2546044126530521], [0.23, 0.9989870861918921, 0.010434025743606546, 0.04377136882272625, 0.04085460286294726, 0.19739505155029302, -0.9794723554283543, -0.01886009137687932, 0.980268496244901, 0.19676882939890872], [0.24, 0.9988794223587807, 0.01272005605194012, 0.04558617950897323, 0.043381319852331644, 0.1389746001208238, -0.9893452994830102, -0.018919848732443022, 0.9902142498950887, 0.13826705547110224], [0.25, 0.9987662328429698, 0.015146533416218518, 0.047292649091947185, 0.04593403684080054, 0.08010042138333989, -0.9957278678201787, -0.018869986543997748, 0.9966717137652111, 0.07930585469022183], [0.26, 0.998647717715133, 0.017707034142287553, 0.04887941125094561, 0.04850519754587554, 0.020980379597592004, -0.9986025583198633, -0.018707798197297173, 0.9996230712692781, 0.020093125012909184], [0.27, 0.9985241142427869, 0.020394432519079714, 0.05033547852045205, 0.051087009970757186, -0.038177287897312936, -0.9979642338786765, -0.018431242169369443, 0.9990628417727438, -0.03916283315930642], [0.28, 0.9983956955696905, 0.023200925301146612, 0.05165028686353064, 0.05367150961360983, -0.09716469986124375, -0.9938200994931986, -0.018038961270277695, 0.9949978583725926, -0.09825404678813178], [0.29, 0.9982627690220649, 0.026118058761680878, 0.05281373865691987, 0.05625062411932589, -0.15577505578059955, -0.9861896365723674, -0.017530295792894092, 0.9874472031471216, -0.15697359563423766], [0.3, 0.9981256740556925, 0.0291367582118971, 0.053816243939643016, 0.0588162387856104, -0.2138033535106319, -0.9751044949556544, -0.01690529047321504, 0.9764421003564467, -0.21511633086659648], [0.31, 0.9979847798614935, 0.03224735987497011, 0.05464875978373433, 0.0613602623303547, -0.2710470975419547, -0.9606083432496472, -0.01616469522002149, 0.9620257682074717, -0.27247958443389403], [0.32, 0.9978404826505061, 0.03543964499547691, 0.05530282765283563, 0.06387469232773955, -0.3273069955510031, -0.9427566782279571, -0.015309959628989293, 0.9442532299261517, -0.32886386683579044], [0.33, 0.9976932026423472, 0.038702876058464036, 0.05577060862192059, 0.06635167972627795, -0.38238764095071115, -0.9216165941679064, -0.014343221352182627, 0.9231910850051321, -0.384073550987684], [0.34, 0.9975433807841481, 0.04202583498587102, 0.05604491633923164, 0.06878359187298487, -0.43609817922008126, -0.8972665131219261, -0.01326728844872924, 0.8989172416160841, -0.43791753993480104], [0.35000000000000003, 0.9973914752296309, 0.04539686317209169, 0.056119247619642466, 0.07116307348391454, -0.4882529558593523, -0.869795877241855, -0.012085615895904601, 0.8715206112931235, -0.490209916239642], [0.36, 0.9972379576103649, 0.048803903214950595, 0.05598781056706285, 0.0734831050222521, -0.5386721438908759, -0.8393048043900951, -0.010802276491381262, 0.8411007671064109, -0.540770570940774], [0.37, 0.9970833091333656, 0.05223454219332259, 0.055645550132163546, 0.075737057970778, -0.5871823489043829, -0.805903708382746, -0.00942192642659331, 0.8077675666532949, -0.5894258100604574], [0.38, 0.996928016540939, 0.05567605633802894, 0.055088171020588494, 0.07791874651557379, -0.63361718972876, -0.7697128853161221, -0.007949765857604634, 0.7716407412979649, -0.6360089367233263], [0.39, 0.996772567970152, 0.0591154569385148, 0.054312157875924263, 0.08002247519202638, -0.6778178529006313, -0.7308620675293798, -0.006391494843167846, 0.732849453189486, -0.6803608070381046], [0.4, 0.9966174487503872, 0.06253953732415131, 0.05331479267098531, 0.08204308208218182, -0.7196336191926753, -0.6894899468520972, -0.004753265059455562, 0.6915318216820774, -0.7223303579888789], [0.41000000000000003, 0.9964631371782058, 0.06593492075582075, 0.0520941692504298, 0.08397597719395011, -0.7589223605615463, -0.6457436688764452, -0.003041627736912463, 0.6478344208704988, -0.7617751056815234], [0.42, 0.9963101003091124, 0.06928810906073686, 0.05064920497732056, 0.0858171756971844, -0.7955510059762798, -0.5997783000788612, -0.0012634782965213233, 0.6019117500372604, -0.7985616123942332], [0.43, 0.9961587898058596, 0.07258553184123744, 0.048979649445968526, 0.0875633257388483, -0.8293959746930107, -0.5517562696957626, 0.0005740018097568945, 0.5539256788869383, -0.8325659209885828], [0.44, 0.9960096378825722, 0.07581359608656106, 0.04708609023321808, 0.08921173060891617, -0.8603435756504527, -0.5018467883316138, 0.0024634055267358373, 0.5040448695160156, -0.8636739553487724], [0.45, 0.9958630533832791, 0.0789587360153995, 0.04496995567023303, 0.09076036507988107, -0.8882903717727604, -0.4502252453454584, 0.004397162346215323, 0.4524441771342206, -0.8917818856315929], [0.46, 0.9957194180323882, 0.08200746297630251, 0.04263351462679471, 0.09220788579531855, -0.9131435080818792, -0.39707258712366084, 0.0063676016207231505, 0.39930403161514677, -0.9167964572278245], [0.47000000000000003, 0.9955790828932376, 0.08494641523281402, 0.04007987331010552, 0.09355363563640487, -0.9348210026400956, -0.34257467840191713, 0.008367016473663877, 0.34480980200983335, -0.9386352824570727], [0.48, 0.995442365069125, 0.08776240746054097, 0.037312969090077114, 0.0947976420491458, -0.9532519994650032, -0.2869216488484193, 0.010387727735606636, 0.2891511462067955, -0.9572270941421307], [0.49, 0.9953095446791592, 0.0904424797842079, 0.03433756137304637, 0.09594060936886308, -0.9683769826832799, -0.2303072271622358, 0.012422147338355094, 0.23252134796553545, -0.9725119603356013], [0.5, 0.9951808621389504, 0.0929739461841369, 0.031159219555778255, 0.09698390523174208, -0.9801479513163003, -0.172928064976338, 0.01446284060537387, 0.1751166435876651, -0.9844414596004247], [0.51, 0.9950565157734975, 0.09534444210351636, 0.027784308101452694, 0.0979295412154969, -0.9885285542193535, -0.11498305288309647, 0.016502586889016152, 0.11713554052021906, -0.9929788163767678], [0.52, 0.9949366597867813, 0.09754197109029336, 0.02421996878906687, 0.09878014790201156, -0.9934941848269214, -0.056672630921352246, 0.018534438021686056, 0.05877813020938538, -0.9980989961002411], [0.53, 0.9948214026094221, 0.0995549503105366, 0.020474100197281273, 0.09953894460371565, -0.995032035488664, 0.0018019041218216851, 0.020551774069411954, 0.0002453975395097565, -0.9997887598701273], [0.54, 0.9947108056424834, 0.10137225477368317, 0.016555334493171165, 0.10020970404204102, -0.9931411113142572, 0.06023909223493034, 0.022548355902102028, -0.05826147079830176, -0.9980466786010214], [0.55, 0.9946048824119755, 0.102983260114191, 0.012473011605578413, 0.10079671231016633, -0.9878322035795479, 0.11843800217259727, 0.024518374124757505, -0.11654177666153658, -0.9928831067264923], [0.56, 0.9945035981450143, 0.1043778837787758, 0.00823715087176412, 0.10130472449302083, -0.9791278228813638, 0.17619891956250486, 0.026456493947856728, -0.17439599719450352, -0.984320115658784], [0.5700000000000001, 0.9944068697748244, 0.10554662447360674, 0.0038584202548037315, 0.10173891635483198, -0.9670620923632532, 0.23332402879461578, 0.028357895612681577, -0.23162646562133965, -0.9723913873436901], [0.58, 0.9943145663779732, 0.10648059973156568, -0.0006518967623876295, 0.10210483253804684, -0.9516806014690532, 0.2896180863825293, 0.030218310028195326, -0.28803804378641873, -0.9571420683841728], [0.59, 0.9942265100433516, 0.10717158146592645, -0.005281936492395884, 0.10240833174694514, -0.9330402208150039, 0.3448890835185951, 0.032034049319825945, -0.34343878416332235, -0.9386285853395868], [0.6, 0.9941424771685518, 0.10761202938357668, -0.010019292446257749, 0.10265552941444918, -0.9112088789037113, 0.3989488955839839, 0.03380203203676621, -0.3976405790899485, -0.9169184219390488], [0.61, 0.9940622001754555, 0.10779512213816311, -0.014851054694905951, 0.10285273837130313, -0.8862653015340629, 0.4516139164222699, 0.03551980281275309, -0.450459795031649, -0.8920898590770932], [0.62, 0.9939853696330512, 0.10771478611127736, -0.019763851053068632, 0.10300640805277697, -0.8582987148897487, 0.5027056752401651, 0.037185546325298434, -0.5017178897264949, -0.8642316785867556], [0.63, 0.9939116367718298, 0.10736572171799205, -0.024743889943115296, 0.10312306278921812, -0.8274085134148156, 0.5520514340617693, 0.03879809544956152, -0.5512420101268223, -0.8334428319092001], [0.64, 0.9938406163705346, 0.10674342714167565, -0.029777004790366973, 0.10320923973303667, -0.7937038937071018, 0.5994847637329193, 0.04035693355502022, -0.5988655691190097, -0.7998320748993505], [0.65, 0.9937718899926625, 0.10584421941203964, -0.03484869979593605, 0.10327142697603514, -0.7573034557790012, 0.6448460965498015, 0.041862190945347155, -0.6444287990788731, -0.7635175701233187], [0.66, 0.9937050095468902, 0.1046652527497618, -0.03994419692825729, 0.10331600240737315, -0.7183347731491685, 0.6879832536706779, 0.04331463549395956, -0.687779280402922, -0.7246264581151205], [0.67, 0.9936395011426292, 0.10320453411075904, -0.045048483970144514, 0.10334917385394853, -0.676933933338041, 0.7287519455611733, 0.0447156575791245, -0.7287724432458118, -0.6832943991668573], [0.68, 0.9935748692091724, 0.10146093587320938, -0.05014636345447833, 0.10337692103166331, -0.6332450504438232, 0.7670162438217414, 0.046067249472802205, -0.767272040791356, -0.6396650873276408], [0.6900000000000001, 0.9935106008444298, 0.09943420562070598, -0.05522250231852278, 0.10340493981806592, -0.5874197515734038, 0.8026490228503756, 0.047371979386154624, -0.8031505924881209, -0.5938897383816443], [0.7000000000000001, 0.9934461703570865, 0.09712497298542704, -0.06026148210439908, 0.10343858933439369, -0.5396166389939983, 0.8355323699039622, 0.04863296042139936, -0.8362897957905507, -0.5461265536643036], [0.71, 0.993381043964161, 0.09453475352587414, -0.06524784953143006, 0.1034828422983018, -0.49000072995571853, 0.8655579622374968, 0.04985381472403802, -0.8665809050623406, -0.4965401616574394], [0.72, 0.9933146846044233, 0.09166594962452583, -0.07016616726492009, 0.10354223907781145, -0.4387428762122661, 0.8926274101212338, 0.051038633171041986, -0.8939250764199548, -0.445301039378542], [0.73, 0.993246556826958, 0.08852184840162058, -0.07500106470546199, 0.10362084584253436, -0.38601916533616554, 0.9166525646612503, 0.05219193096897375, -0.9182336774202581, -0.3925849156462832], [0.74, 0.9931761317133334, 0.08510661665217704, -0.07973728862306884, 0.10372221717035666, -0.3320103059859877, 0.9375557894783414, 0.0533185995709243, -0.9394285606266769, -0.3385721583631549], [0.75, 0.9931028917913962, 0.081425292824227, -0.08435975346131805, 0.10384936342685039, -0.27690099933555584, 0.9552701954331076, 0.05442385535225729, -0.9574423002225557, -0.28344714800670895], [0.76, 0.9930263358986154, 0.07748377606702757, -0.08885359113826141, 0.1040047231911058, -0.2208792989188822, 0.9697398377209451, 0.05551318551220116, -0.9722183909778185, -0.2273976395629254], [0.77, 0.9929459839531808, 0.07328881238868099, -0.09320420017309623, 0.10419014095584772, -0.16413596117931417, 0.9809198747988255, 0.05659229169109921, -0.9837114090150625, -0.1706141151685585], [0.78, 0.9928613815917321, 0.06884797797307719, -0.0973972939704976, 0.10440685028204254, -0.10686378903690294, 0.9887766887456739, 0.0576670318114259, -0.9918871339631818, -0.11328912975376329], [0.79, 0.9927721046335727, 0.06416965971632636, -0.1014189480980617, 0.10465546253914855, -0.04925697080419618, 0.9932879667991108, 0.058743360664362115, -0.9967226322297922, -0.05561665199174819], [0.8, 0.9926777633326105, 0.05926303305282988, -0.10525564639649716, 0.1049359613121757, 0.00848958321254769, 0.9944427439527961, 0.059827269772694966, -0.9982063012675566, 0.0022085971313839737], [0.81, 0.9925780063799579, 0.05413803715079013, -0.10889432576699376, 0.10524770250624271, 0.06618090409236303, 0.9922414066398736, 0.06092472706500968, -0.9963378748531931, 0.059991805816102604], [0.8200000000000001, 0.99247252462214, 0.0488053475662437, -0.11232241948557728, 0.10558942012881864, 0.1236226253364548, 0.9866956576684537, 0.06204161689556192, -0.991128389540861, 0.11753873071938309], [0.8300000000000001, 0.9923610544622031, 0.043276346453575316, -0.11552789890019759, 0.10595923767976273, 0.18062163926190164, 0.9778284427140923, 0.06318368093889203, -0.9826001125931004, 0.17465635171684626], [0.84, 0.9922433809136068, 0.03756309043888939, -0.11849931337275665, 0.10635468503008061, 0.23698674648155751, 0.9656738388111372, 0.06435646047824037, -0.9707864318318244, 0.23115351990819197], [0.85, 0.9921193402796672, 0.03167827627054778, -0.12122582833524134, 0.1067727206224342, 0.2925292962388713, 0.9502769054190862, 0.06556524059226937, -0.955731707988449, 0.28684159665494874], [0.86, 0.9919888224344172, 0.02563520436859306, -0.12369726133653355, 0.10720975878029984, 0.3470638154143221, 0.9316934987710945, 0.06681499672564636, -0.9374910902654137, 0.3415350814858087], [0.87, 0.9918517726840631, 0.019447740401634946, -0.1259041159642997, 0.10766170186866592, 0.4004086240765075, 0.9099900503389586, 0.06811034410589709, -0.9161302959505424, 0.3950522267591307], [0.88, 0.9917081931916908, 0.0131302750260592, -0.127837613534564, 0.1081239770076785, 0.4523864355152138, 0.8852433103717207, 0.0694554904418326, -0.8917253550502978, 0.4472156370341998], [0.89, 0.9915581439515203, 0.006697681928102474, -0.12948972245010906, 0.10859157700203609, 0.5028249387656688, 0.8575400575830335, 0.07085419230805737, -0.8643623210275259, 0.49785285117219263], [0.9, 0.9914017433027469, 0.00016527431440268442, -0.1308531851376774, 0.10905910511352568, 0.5515573617121843, 0.826976776175082, 0.07230971558588263, -0.8341369488432314, 0.5467969052640962], [0.91, 0.9912391679768193, -0.006451239998927251, -0.13192154248302224, 0.109520823272175, 0.5984230129450148, 0.7936593014937809, 0.07382480029372657, -0.8011543416098346, 0.5938868745656065], [0.92, 0.9910706526758891, -0.013135804744855893, -0.1326891556921371, 0.10997070329332875, 0.6432678006360467, 0.7577024357107703, 0.07540163010013659, -0.7655285672648463, 0.6389683927078661], [0.93, 0.9908964891840483, -0.01987206245461845, -0.1331512255164303, 0.11040248064376046, 0.6859447267963025, 0.7192295350220611, 0.07704180677029605, -0.7273822467686065, 0.6818941465472649], [0.9400000000000001, 0.9907170250168165, -0.026643402638018295, -0.13330380878916098, 0.11080971027988892, 0.7263143553806466, 0.6783720699407388, 0.07874632975266743, -0.6868461154173212, 0.7225243451169103], [0.9500000000000001, 0.990532661618175, -0.03343301073346378, -0.13314383223007534, 0.11118582406542665, 0.764245252811982, 0.6352691603416949, 0.0805155810666876, -0.644058558942932, 0.7607271612462957], [0.96, 0.9903438521181421, -0.04022391766512423, -0.13266910348482983, 0.11152418926444443, 0.7996143996079902, 0.5900670869896587, 0.08234931560558081, -0.5991651261440558, 0.7963791445235554], [0.97, 0.9901510986675099, -0.046999049843979505, -0.13187831937542302, 0.11181816759896251, 0.8323075719075708, 0.5429187813477576, 0.08424665692081362, -0.5523180198572983, 0.8293656043860149], [0.98, 0.9899549493698034, -0.05374127944953671, -0.13077107134743654, 0.11206117435778945, 0.8622196918109286, 0.49398329552224735, 0.08620609850690755, -0.5036755681354751, 0.8595809622389408], [0.99, 0.9897559948338259, -0.06043347482958167, -0.12934784810937627, 0.11224673704541499, 0.8892551455662423, 0.4434252542499346, 0.08822551055766929, -0.4534016775487095, 0.8869290716189513], [1.0, 0.9895548643732126, -0.06705855085649925, -0.12761003546876099, 0.11236855306625809, 0.9133280687563614, 0.39141429087805457, 0.09030215211780766, -0.40166527056592916, 0.9113235055369147], [1.01, 0.989352221882297, -0.07359951908041565, -0.12555991337880607, 0.11242054595038906, 0.9343625977605778, 0.3381244693220542, 0.09243268850779045, -0.34863970900807595, 0.9326878102548493], [1.02, 0.9891487614201644, -0.08003953752166042, -0.1232006502185486, 0.1123969196418453, 0.952293086888546, 0.28373369401484366, 0.09461321385503728, -0.2945022055903878, 0.9509557248717828], [1.03, 0.9889452025371417, -0.08636195994779358, -0.12053629433804253, 0.11229221038968504, 0.9670642907055034, 0.22842310988177206, 0.09683927852152885, -0.23943322558959335, 0.9660713662143146], [1.04, 0.9887422853799916, -0.09255038448366225, -0.11757176290877958, 0.11210133580476524, 0.9786315111894635, 0.1723764943889244, 0.09910592117698744, -0.18361588068289167, 0.9779893786482079], [1.05, 0.9885407656138386, -0.09858870140661473, -0.11431282812774511, 0.11181964067166257, 0.9869607094816272, 0.11577964371850383, 0.10140770522828281, -0.1272353170093932, 0.9866750485473185], [1.06, 0.9883414092002951, -0.10446113998308151, -0.11076610083147957, 0.11144293913492342, 0.9920285821104622, 0.05881975512423603, 0.10373875927995381, -0.0704780995014791, 0.9921043832751244], [1.07, 0.9881449870723444, -0.11015231420719429, -0.1069390115841557, 0.11096755291163785, 0.993822601687268, 0.0016848075120933928, 0.10609282126797975, -0.013531594523539966, 0.9942641546515951], [1.08, 0.9879522697473335, -0.11564726730693545, -0.10283978931099733, 0.11039034521788962, 0.9923410221862947, -0.05543705772256544, 0.10846328587944981, 0.043416647160946446, 0.993151906993857], [1.09, 0.9877640219198711, -0.12093151488845448, -0.09847743755533217, 0.10970875013460286, 0.9875928490352437, -0.11235815359088944, 0.1108432548447767, 0.10017950509577364, 0.9887759299326528], [1.1, 0.9875809970765153, -0.12599108659462743, -0.09386170844418054, 0.10892079717834922, 0.9795977743519204, -0.16889186015553426, 0.11322558966677176, 0.156570899542248, 0.9811551963176584], [1.11, 0.9874039321739347, -0.13081256615964348, -0.08900307445352894, 0.10802513088444195, 0.9683860777697486, -0.22485323097327545, 0.11560296633240301, 0.212406395658066, 0.9703192656330688], [1.12, 0.9872335424216367, -0.13538312974734812, -0.08391269807030732, 0.10702102525275703, 0.9539984933984678, -0.2800595914217223, 0.11796793153851007, 0.2675037995492139, 0.9563081534501621], [1.1300000000000001, 0.9870705162095078, -0.1396905824672324, -0.07860239945358533, 0.10590839295081772, 0.9364860435664962, -0.3343311270398641, 0.12031295995224633, 0.32168374434393776, 0.9391721675456494], [1.1400000000000001, 0.9869155102191779, -0.1437233929683027, -0.07308462220261183, 0.10468778921337708, 0.9159098400879161, -0.3874914600604037, 0.12263051202060274, 0.3747702644872012, 0.9189717114132284], [1.1500000000000001, 0.9867691447567479, -0.14747072601757485, -0.06737239734405383, 0.10336041042266043, 0.8923408538897275, -0.43936821236476686, 0.1249130918410672, 0.4265913565078423, 0.895777055990777], [1.16, 0.9866319993426093, -0.15092247297658676, -0.061479305655132876, 0.10192808739821033, 0.8658596539237712, -0.4897935531490283, 0.12715330460726773, 0.47697952456854853, 0.8696680805168217], [1.17, 0.9865046085920226, -0.15406928009609192, -0.0554194384433202, 0.10039327346953955, 0.8365561163724604, -0.5386047296505083, 0.12934391314929058, 0.5257723091705182, 0.8407339835172183], [1.18, 0.9863874584178127, -0.15690257455596876, -0.04920735690683076, 0.09875902744818707, 0.8045291052381016, -0.5856445793501955, 0.1314778930981775, 0.572812797449994, 0.8090729650062323], [1.19, 0.986280982583963, -0.1594145881843312, -0.0428580502033571, 0.09702899165793019, 0.7698861254820714, -0.6307620221351712, 0.133548486217773, 0.6179501135724671, 0.774791881065307], [1.2, 0.9861855596361208, -0.1615983787968457, -0.036386892357307916, 0.0952073652225045, 0.7327429499523866, -0.6738125309776176, 0.13554925146447613, 0.6610398878020186, 0.7380058720376924], [1.21, 0.9861015102320864, -0.16344784910433452, -0.029809598138269527, 0.09329887284889599, 0.6932232214062876, -0.7146585797625429, 0.13747411335638418, 0.7019447028977823, 0.698837965647703], [1.22, 0.9860290948921783, -0.1649577631438499, -0.023142178045489806, 0.09130872938079315, 0.6514580309982138, -0.7531700669747805, 0.1393174072575883, 0.7405345165665864, 0.657418656419572], [1.23, 0.9859685121861406, -0.1661237601955456, -0.016400892534904038, 0.08924260043084487, 0.6075854746631206, -0.7892247140369664, 0.1410739212107935, 0.7766870587803583, 0.6138854628327075], [1.24, 0.9859198973698292, -0.16694236615482042, -0.009602205626578611, 0.08710655943169157, 0.5617501888803084, -0.8227084371737723, 0.14273893398172205, 0.8102882028485714, 0.568382463707488], [1.25, 0.985883321481453, -0.16741100233637052, -0.0027627380314490385, 0.08490704147409761, 0.5141028673539118, -0.853515691763545, 0.14430824901167133, 0.8412323092197652, 0.5210598153686078], [1.26, 0.9858587909035805, -0.16752799169393617, 0.004100780063124823, 0.08265079432568717, 0.4647997601928529, -0.8815497882263933, 0.14577822400983842, 0.8694225410717521, 0.47207325118129123], [1.27, 0.9858462473935705, -0.16729256244667892, 0.010971556409167554, 0.0803448270456045, 0.4140021572154245, -0.9067231785875927, 0.14714579595430993, 0.8947711508374638, 0.42158356509946354], [1.28, 0.9858455685814502, -0.16670484911023783, 0.017832784175493263, 0.07799635662870574, 0.36187585704168, -0.9289577129466106, 0.14840850130961042, 0.9171997369022095, 0.3697560809040913], [1.29, 0.9858565689307551, -0.16576589093761832, 0.024667689347335882, 0.0756127531275391, 0.30859062367052054, -0.9481848651750949, 0.1495644913091101, 0.9366394697984367, 0.3167601088444539], [1.3, 0.9858790011542592, -0.1644776277821153, 0.03145957790957275, 0.07320148371125626, 0.2543196322676488, -0.9643459272614361, 0.15061254219204728, 0.9530312873155928, 0.26276839142490666], [1.31, 0.985912558073125, -0.16284289340149394, 0.03819188267598965, 0.0707700561276782, 0.1992389059154993, -0.9773921718150193, 0.15155206032711055, 0.9663260580353944, 0.20795654010485787], [1.32, 0.9859568749046305, -0.16086540622960938, 0.04484820962845472, 0.06832596203795219, 0.14352674509670438, -0.9872849823397164, 0.1523830821970844, 0.9764847128964839, 0.15250246470004414], [1.33, 0.9860115319604035, -0.1585497576485475, 0.051412383631626805, 0.06587662069259115, 0.08736315169864638, -0.9939959509834052, 0.15310626926165755, 0.983478344486988, 0.09658579728878704], [1.34, 0.986076057734036, -0.15590139780119988, 0.057868493390917854, 0.06342932341319307, 0.0309292493380821, -0.9975069435681778, 0.15372289775777465, 0.9872882738587627, 0.04038731243767019], [1.35, 0.9861499323540327, -0.1529266189909316, 0.06420093552385972, 0.060991179335854705, -0.025593298188329693, -0.9978101318041748, 0.15423484353854017, 0.9879060847529209, -0.015911654433036083], [1.36, 0.9862325913753505, -0.14963253672165866, 0.07039445761779126, 0.05856906286030168, -0.08202286851958221, -0.9949079926885128, 0.15464456209232696, 0.9853336252224733, -0.07212978872290995], [1.37, 0.986323429880277, -0.1460270684381989, 0.07643420014987926, 0.05616956323316208, -0.13817846060648478, -0.988813275189314, 0.15495506392306782, 0.9795829767343691, -0.12808637654657215], [1.3800000000000001, 0.9864218068571622, -0.14211891003319693, 0.0823057371489189, 0.053798936674761245, -0.19388027105029246, -0.9795489344132481, 0.15516988551041686, 0.9706763909297685, -0.18360188104222389], [1.3900000000000001, 0.9865270498234668, -0.13791751019321663, 0.08799511548211744, 0.051463061436464806, -0.24895026511785107, -0.9671480335529502, 0.1552930561042375, 0.9586461943177241, -0.2384985132992457], [1.4000000000000001, 0.9866384596578732, -0.13343304266275038, 0.09348889265415372, 0.04916739615015022, -0.3032127406644108, -0.9516536140080545, 0.15532906064144417, 0.9435346612735207, -0.2926007961296571], [1.41, 0.9867553156047247, -0.1286763765108757, 0.09877417301021496, 0.046916941803049006, -0.3564948832173502, -0.9331185341700685, 0.1552827991043111, 0.9253938558083685, -0.3457361189324178], [1.42, 0.9868768804128603, -0.1236590444910925, 0.10383864223944228, 0.044716207640218754, -0.40862731050116113, -0.9116052774566764, 0.15515954266772547, 0.9042854426718022, -0.3977352819288284], [1.43, 0.9870024055700484, -0.11839320959047295, 0.10867060008025876, 0.04256918126353095, -0.45944460471623416, -0.8871857302750622, 0.15496488700828276, 0.8802804684417399, -0.4484330280816752], [1.44, 0.9871311365936114, -0.1128916298696325, 0.11325899113440226, 0.04047930316057886, -0.5087858309212528, -0.8599409306861746, 0.1547047031703906, 0.8534591133494024, -0.49766856105023677], [1.45, 0.9872623183375698, -0.10716762170016392, 0.11759343370213303, 0.03844944585961287, -0.5564950399113998, -0.8299607886322693, 0.1543850864034998, 0.8239104146769478, -0.5452860475778231], [1.46, 0.987395200276652, -0.10123502151104773, 0.12166424655702196, 0.03648189786780963, -0.6024217540320618, -0.7973437786782415, 0.15401230340006228, 0.791731962654402, -0.591135102758088], [1.47, 0.9875290417278529, -0.09510814616013358, 0.12546247358493867, 0.03457835251019584, -0.6464214344202942, -0.7621966063029213, 0.1535927383757103, 0.7570295698689664, -0.6350712566809008], [1.48, 0.9876631169708477, -0.08880175205106439, 0.1289799062183344, 0.032739901745711314, -0.6883559282239008, -0.7246338488593344, 0.15313283844136835, 0.7199169152837518, -0.6769564010179804], [1.49, 0.9877967202295221, -0.08233099311996223, 0.13220910360364718, 0.03096703499554598, -0.7280938944105546, -0.684777572402643, 0.15263905872149441, 0.6805151640440887, -0.7166592141727219], [1.5, 0.9879291704780706, -0.07571137781978593, 0.13514341044660946, 0.02925964297736148, -0.7655112068467875, -0.6427569256607134, 0.1521178076733571, 0.6389525643274344, -0.7540555636874826], [1.51, 0.9880598160366464, -0.06895872523349487, 0.13777697248742174, 0.02761702649765795, -0.8004913333988627, -0.5987077124947852, 0.15157539305921677, 0.5953640225672711, -0.7890288846749919], [1.52, 0.9881880389232828, -0.06208912044997818, 0.1401047495651196, 0.02603791011370851, -0.8329256898842484, -0.5527719442661315, 0.15101796901649556, 0.5498906584518389, -0.821470533118222], [1.53, 0.9883132589308431, -0.055118869339123196, 0.1421225262380077, 0.02452046053649614, -0.8627139677835726, -0.5050973735887008, 0.1504514846605864, 0.5026793411648245, -0.8512801129648945], [1.54, 0.9884349373999981, -0.0480644528643783, 0.14382691993472463, 0.0230623096072816, -0.8897644347082334, -0.45583701100713137, 0.14988163464093796, 0.45388220839683246, -0.8783657760285146], [1.55, 0.9885525806616989, -0.040942481072696685, 0.14521538661831598, 0.021660581643124788, -0.9139942067081023, -0.4051486261940278, 0.14931381205359615, 0.4036561697133322, -0.9026444937971897], [1.56, 0.9886657431252762, -0.033769646902815934, 0.14628622395360755, 0.020311924911184342, -0.9353294915966447, -0.35319423530964505, 0.14875306409263742, 0.3521623959164602, -0.9240423003442161], [1.57, 0.988774029991134, -0.02656267995341709, 0.14703857197614573, 0.01901254695822237, -0.9537058025670581, -0.3001395762109439, 0.14820405079906973, 0.29956579608429257, -0.9424945056302082], [1.58, 0.9888770995699987, -0.019338300352807782, 0.14747241126899388, 0.017758253490716625, -0.9690681414722899, -0.2461535732350861, 0.14767100723901808, 0.24603448401170522, -0.9579458785850625], [1.59, 0.9889746651937812, -0.012113172871375394, 0.14758855866169399, 0.016544490472584727, -0.9813711512437204, -0.19140779331463262, 0.14715770941357667, 0.1917392358114602, -0.9703507994589309], [1.6, 0.9890664967063474, -0.004903861417155274, 0.1473886604737063, 0.015366389081985104, -0.9905792370274944, -0.1360758952078125, 0.14666744417086292, 0.13685294046248275, -0.9796733810342906], [1.61, 0.9891524215257629, 0.002273215946551303, 0.14687518333258184, 0.014218813146182481, -0.9966666557235321, -0.08033307364706224, 0.146202983356815, 0.08155004511421635, -0.9858875583957006], [1.62, 0.9892323252729186, 0.009401831324492477, 0.1460514026049746, 0.013096408654231492, -0.9996175737197072, -0.024355500222478, 0.14576656240542943, 0.026005996971305432, -0.9889771470595426], [1.6300000000000001, 0.9893061519648089, 0.016465990519121357, 0.14492138848633312, 0.011993654931392393, -0.9994260927221404, 0.0316802371762307, 0.14535986353175062, -0.029603316408465932, -0.9889358693725548], [1.6400000000000001, 0.9893739037740725, 0.023449975634923192, 0.14348998980268135, 0.010904917046868124, -0.9960962436914906, 0.08759769453532111, 0.1449840036523099, -0.0851021265681652, -0.98576734919479], [1.6500000000000001, 0.9894356403597315, 0.03033838662916192, 0.14176281558528492, 0.009824499017734946, -0.9896419490041266, 0.14322112969238965, 0.144639527118207, -0.14031534152776476, -0.9794850749893886], [1.6600000000000001, 0.9894914777773164, 0.037116181684690795, 0.139746214486161, 0.008746697366888325, -0.9800869530655957, 0.19837605630662505, 0.1443264033059619, -0.19506909926419977, -0.9701123315477539], [1.67, 0.9895415869797392, 0.04376871628483442, 0.13744725210929795, 0.007665854591470275, -0.9674647217114137, 0.25288979203842793, 0.1440440290709812, -0.24919131549601517, -0.957682100683919], [1.68, 0.9895861919233365, 0.05028178087516034, 0.13487368633907598, 0.006576412100580166, -0.9518183108363917, 0.30659199917878005, 0.1437912360283214, -0.3025122239986015, -0.9422369313356737], [1.69, 0.9896255672964203, 0.05664163700219683, 0.13203394075369232, 0.005472962187061878, -0.933200204797999, 0.35931521600103666, 0.1435663025857292, -0.35486490770810797, -0.9238287796118818], [1.7, 0.9896600358904533, 0.06283505182479633, 0.12893707621736392, 0.004350298607739889, -0.911672125241185, 0.4108953771463546, 0.1433669706150292, -0.40608581891072815, -0.9025188194249874], [1.71, 0.989689965636543, 0.06884933089986575, 0.12559276075068626, 0.0032034653595463328, -0.8873048110911657, 0.46117232139858644, 0.14319046661013612, -0.45601528685901715, -0.8783772244445207], [1.72, 0.9897157663323434, 0.07467234915055632, 0.12201123778373782, 0.0020278032554142886, -0.8601777705564903, 0.5099902852549483, 0.1430335271436027, -0.5044980112079764, -0.8514829222010601], [1.73, 0.9897378860866124, 0.08029257993169753, 0.11820329290132198, 0.0008189939234522839, -0.8303790060768066, 0.5571983807548689, 0.14289242839897814, -0.5513835397205892, -0.8219233212602233], [1.74, 0.98975680751063, 0.08569912211423973, 0.11418021919410676, -0.0004268991244204129, -0.7980047132377601, 0.6026510560908842, 0.14276301952362597, -0.5965267287550233, -0.789794012472447], [1.75, 0.9897730436873545, 0.0908817251177021, 0.10995378133334269, -0.0017133926827163706, -0.7631589547589778, 0.6462085375919288, 0.14264075951629293, -0.6397881851134911, -0.7551984453862443], [1.76, 0.989787133950643, 0.09583081182707588, 0.10553617849029678, -0.0030435496017714725, -0.72595331073981, 0.6877372517406127, 0.1425207573358834, -0.6810346879054495, -0.7182475809899631], [1.77, 0.9897996395080172, 0.10053749933826538, 0.100940006224523, -0.004419948366152032, -0.6865065064210548, 0.7271102259616474, 0.14239781489278197, -0.7201395891550232, -0.6790595220195313], [1.78, 0.9898111389413615, 0.10499361748392914, 0.09617821746759125, -0.0058446567394755955, -0.6449440187890725, 0.7642074669981958, 0.14226647256188862, -0.7569831919638896, -0.6377591221370011], [1.79, 0.9898222236205292, 0.10919172509946845, 0.09126408273090438, -0.007319209678791863, -0.601397663411158, 0.7989163157761127, 0.14212105683743392, -0.7914531051258827, -0.5944775753466309], [1.8, 0.9898334930652006, 0.11312512399686935, 0.08621114966775625, -0.008844591685936307, -0.5560051629477187, 0.8311317777424886, 0.14195572973378848, -0.823444573177924, -0.5493519870716534], [1.81, 0.9898455502903507, 0.11678787062208945, 0.08103320212080582, -0.01042122372636009, -0.5089096988373618, 0.8607568277541057, 0.14176453952395296, -0.8528607809630034, -0.5025249283654869], [1.82, 0.989858997170479, 0.12017478537966703, 0.07574421878668192, -0.012048954808169775, -0.46025944769546456, 0.887702688683039, 0.14154147239832024, -0.8796131318744718, -0.4541439747759499], [1.83, 0.9898744298572527, 0.12328145961617229, 0.07035833162948461, -0.013727058275801347, -0.41020710400498905, 0.9118890830001927, 0.14128050462067016, -0.9036214990463349, -0.40436123141985625], [1.84, 0.989892434284433, 0.12610426026198684, 0.06488978417452385, -0.015454232834224493, -0.3589093907101801, 0.9332444566926462, 0.14097565475621945, -0.9248144488511324, -0.35333284585816643], [1.85, 0.9899135817929424, 0.12864033213865544, 0.05935288981274457, -0.017228608281144434, -0.30652655934938144, 0.9517061749668987, 0.14062103554789473, -0.9431294361648812, -0.3012185103886399], [1.86, 0.9899384249076577, 0.13088759794666802, 0.05376199024494338, -0.01904775588665842, -0.2532218813824901, 0.9672206892869871, 0.1402109050217859, -0.9585129709570256, -0.2481809553936567], [1.87, 0.9899674932960021, 0.13284475595597348, 0.04813141419309466, -0.020908703322538663, -0.19916113238162847, 0.9797436753936394, 0.13973971641090246, -0.9709207558619112, -0.1943854353955955], [1.8800000000000001, 0.9900012899366998, 0.1345112754287663, 0.042475436503898, -0.022807954007051982, -0.1445120707605577, 0.9892401420476765, 0.13920216649780387, -0.9803177944865745, -0.13999920948096659], [1.8900000000000001, 0.990040287525114, 0.13588738981110096, 0.03680823776704548, -0.0247415106962815, -0.08944391271926616, 0.9956845103374533, 0.1385932419912863, -0.9866784703072192, -0.08519101775745236], [1.9000000000000001, 0.9900849251395052, 0.1369740877366513, 0.031143864567711628, -0.026704903119553758, -0.03412680507525403, 0.9990606634858218, 0.13790826356993643, -0.9899865961032338, -0.030130555505286854], [1.9100000000000001, 0.9901356051902533, 0.13777310189241987, 0.025496190489407954, -0.028693219425059757, 0.02126870235757347, 0.9993619671865897, 0.13714292724583596, -0.9902354339726316, 0.025012053323897693], [1.92, 0.9901926906716728, 0.13828689580239603, 0.019878877979644383, -0.030701141172325946, 0.07657218319754416, 0.9965912605933681, 0.13629334272483465, -0.9874276860660222, 0.0800667816212926], [1.93, 0.9902565027335282, 0.13851864859104973, 0.014305341186821315, -0.0327229815810622, 0.13161385810783463, 0.9907608181748087, 0.13535606846539075, -0.9815754562673622, 0.13486422202760964], [1.94, 0.9903273185866733, 0.1384722377941058, 0.008788709872464814, -0.034752726721285564, 0.18622511399579098, 0.9818922827391459, 0.13432814316577668, -0.9727001831384363, 0.18923610563549267], [1.95, 0.9904053697545644, 0.1381522202892722, 0.0033417944983364506, -0.036784079307668735, 0.24023901723272106, 0.9700165700175144, 0.13320711343922986, -0.9608325445301072, 0.24301581491949736], [1.96, 0.9904908406795702, 0.13756381142447213, -0.0020229474168744627, -0.03881050474193894, 0.29349081936340177, 0.9551737452793998, 0.13199105746812967, -0.9460123343465305, 0.2960388893586002], [1.97, 0.9905838676902148, 0.13671286242565894, -0.007293443581614371, -0.04082527903098743, 0.3458184538142231, 0.9374128725346066, 0.13067860446124055, -0.9282883120286086, 0.3481435222535955], [1.98, 0.9906845383326545, 0.13560583617046287, -0.01245803777186106, -0.04282153819524193, 0.39706302215246425, 0.9167918369541393, 0.12926894977220543, -0.9077180253997722, 0.3991710472831538], [1.99, 0.990792891066858, 0.13424978141772548, -0.01750551914883859, -0.04479232877188174, 0.44706926849637807, 0.8933771412171374, 0.1277618655725138, -0.8843676075905349, 0.4489664133874878], [2.0, 0.9909089153251939, 0.1326523055864301, -0.022425149980596283, -0.04673065901068875, 0.49568604072627537, 0.867243676562439, 0.1261577070078345, -0.8583115488281128, 0.49737864661725456], [2.0100000000000002, 0.9910325519283761, 0.13082154618062303, -0.02720669169967687, -0.048629550356753565, 0.5427667372003498, 0.8384744693912787, 0.12445741380259401, -0.82963244394358, 0.54426129763724], [2.02, 0.9911636938510696, 0.12876614095965555, -0.03184042923488286, -0.05048208881389297, 0.5881697377353045, 0.8071604043319826, 0.1226625073137