[[0.0, 1.0, 0.0, 0.0, 0.0, 1.0, 0.0, 0.0, 0.0, 1.0], [0.01, 0.9981978406903993, -0.000964703933901079, 0.06000116821647863, 0.001021177639520964, 0.9999990640436849, -0.0009105536671167808, -0.06000023364330168, 0.0009701845556765001, 0.9981978915549137], [0.02, 0.9927977287397662, -0.0018669333363920775, 0.1197880810810335, 0.002078362624543691, 0.9999964952004583, -0.00164012060470954, -0.11978459925198937, 0.0018772710817995552, 0.9927981293472117], [0.03, 0.9838189635334305, -0.0027192699750198247, 0.17914478100912304, 0.003162442357605453, 0.9999926051432677, -0.0021882909112809056, -0.17913750570536177, 0.002719417139853214, 0.9838202878676969], [0.04, 0.9712937816535778, -0.0035341784559005844, 0.23785688828312285, 0.004264268582486448, 0.9999876439348563, -0.0025549933596418417, -0.23784491950543019, 0.0034959348182200204, 0.9712968509704942], [0.05, 0.9552672389568392, -0.004323936018771707, 0.29571236996966843, 0.0053746810888894506, 0.9999818010687748, -0.0027404989395019485, -0.2956951385785117, 0.00420726853792884, 0.9552730938912076], [0.06, 0.9357970465675703, -0.005100564131279733, 0.352502300532847, 0.006484531541632191, 0.9999752064452566, -0.002745422635276555, -0.3524795575435438, 0.004854970679974726, 0.9358069196012596], [0.07, 0.9129533613750417, -0.005875761765252729, 0.4080216114100867, 0.0075847073343196705, 0.9999679312836299, -0.0025707234358810353, -0.4079934217222853, 0.005441675110576222, 0.9129686500659954], [0.08, 0.8868185317842394, -0.006660840239454709, 0.462069826856659, 0.008666155367379844, 0.9999599889727646, -0.002217702579046152, -0.4620365672056561, 0.005971068655201963, 0.8868407731402073], [0.09, 0.8574867996288904, -0.007466659517429506, 0.5144517834139991, 0.009719905650618414, 0.9999513358609027, -0.0016880000384264684, -0.5144141443393023, 0.006447860547300238, 0.857517645998038], [0.1, 0.825063959311041, -0.008303565855450947, 0.5649783304163638, 0.010737094631074967, 0.9999418719860796, -0.0009835892674736574, -0.5649373220498546, 0.0068777498535449386, 0.8251051561540989], [0.11, 0.7896669753834415, -0.009181330704242522, 0.6134670090194367, 0.011708988147940748, 0.9999314417482124, -0.00010677021968837899, -0.6134239705010767, 0.00726739085420364, 0.7897203412885181], [0.12, 0.7514235599385763, -0.010109090778945524, 0.6597427073131193, 0.012627003917623562, 0.9999198345237899, 0.0009398393295704148, -0.6596993196459168, 0.0076243563350703045, 0.7514909692399334], [0.13, 0.7104717113108153, -0.011095289224728855, 0.703638289168577, 0.013482733453712457, 0.999906785223932, 0.0021533141290705033, -0.7035965913260797, 0.00795709872641577, 0.7105550796765586], [0.14, 0.6669592157353534, -0.012147617820371501, 0.7449951945663472, 0.014267963328597926, 0.9998919747963932, 0.0035304334294822453, -0.7449576026648183, 0.00827490900472106, 0.6670604890958747], [0.15, 0.6210431137388133, -0.013272960179031077, 0.7836640092575757, 0.014974695685834821, 0.9998750306718434, 0.005067694551718918, -0.7836333386008334, 0.008587873254696819, 0.6211642609376729], [0.16, 0.5728891331611149, -0.014477335924155937, 0.8195050017238533, 0.015595167914987038, 0.999855527154475, 0.006761327999542237, -0.8194844915210885, 0.008906826772379653, 0.573032142722585], [0.17, 0.5226710908259895, -0.01576584583901684, 0.8523886255222503, 0.016121871403655546, 0.9998329857566148, 0.00860731406522766, -0.8523819660675457, 0.009243305575054183, 0.5228379722484127], [0.18, 0.4705702649879197, -0.017142618010535963, 0.8821959852305479, 0.016547569284655086, 0.9998068754765922, 0.010601400872361128, -0.8822073473169001, 0.00960949517049713, 0.47076305498902477], [0.19, 0.41677474078585697, -0.01861075501187974, 0.9088192643428689, 0.016865313099857934, 0.999776613018586, 0.012739123795314205, -0.9088533306628025, 0.010018176426694298, 0.41699551494489506], [0.2, 0.3614787310284845, -0.020172282193558128, 0.9321621136074311, 0.017068458306054843, 0.9997415629525465, 0.015015826190633054, -0.9322241118663602, 0.010482668373858427, 0.361729621290091], [0.21, 0.3048818747216411, -0.02182809717942992, 0.9521399984454301, 0.017150678552279697, 0.9997010378115516, 0.01742668137149076, -0.9522357358823154, 0.011016767763389296, 0.30516509324730057], [0.22, 0.24718851582553816, -0.02357792069194327, 0.9686805042426108, 0.01710597866239407, 0.9996542981230896, 0.019966715752505495, -0.968816403214704, 0.011634685203479548, 0.2475063856999382], [0.23, 0.18860696479726619, -0.02542024886002627, 0.9817235984622901, 0.016928706261315544, 0.999600552369757, 0.022630833088628406, -0.981906732706407, 0.012350977688490727, 0.18896195811818178], [0.24, 0.1293487455325854, -0.027352307193164768, 0.9912218486899032, 0.016613561988086348, 0.9995389568737157, 0.025413839728465556, -0.9914599798212163, 0.013180477339112897, 0.12974352943364315], [0.25, 0.06962783036989477, -0.029370006436237925, 0.9971405958839352, 0.016155608244001717, 0.9994686155979284, 0.028310470799324465, -0.9974422096342728, 0.0141382161727851, 0.07006532154499885], [0.26, 0.009659865858432648, -0.03146790055149462, 0.9994580822757461, 0.01555027642923546, 0.9993885798556977, 0.031315417238474516, -0.9998324239063289, 0.015239346728998168, 0.01014329417407972], [0.27, -0.05033860797651918, -0.03363914709130798, 0.9981655335281489, 0.014793372623576509, 0.9992978479158189, 0.03442335356718421, -0.9986226417756533, 0.01649905837800153, -0.0498056261805126], [0.28, -0.11015094212677001, -0.035875470334233606, 0.9932671949528926, 0.01388108168916883, 0.9991953645074442, 0.03762896637803864, -0.9938179337848703, 0.0179324891701756, -0.10956432043524911], [0.29, -0.16956116408326963, -0.03816712743839373, 0.9847803217011183, 0.012809969744162594, 0.9990800201689083, 0.040926983353007845, -0.9854364090603768, 0.019554633065469538, -0.16891625148515074], [0.3, -0.22835476155497353, -0.040502878051953906, 0.9727351231121335, 0.011576984998270364, 0.9989506504800747, 0.04431220277850617, -0.9735091557272684, 0.021380242427114286, -0.22764623638495946], [0.31, -0.28631946167317285, -0.04286995777677843, 0.9571746614794183, 0.01017945692791028, 0.998806035117295, 0.04777952344633584, -0.9580801347041252, 0.023423725671279767, -0.28554121340331823], [0.32, -0.3432460029538106, -0.0452540559313664, 0.9381547057221172, 0.008615093779234754, 0.9986448967255024, 0.05132397484455632, -0.939206027241077, 0.025699039990443612, -0.3423910012371265], [0.33, -0.3989288973197554, -0.047639298091632226, 0.9157435406002271, 0.006881978393252466, 0.9984658995797079, 0.054940747540767915, -0.9169560367035586, 0.028219579094667505, -0.39798904771247284], [0.34, -0.4531671795248839, -0.050008233920795966, 0.8900217322807983, 0.004978562353579807, 0.9982676480074204, 0.05862522365972582, -0.8914116452620987, 0.030998055945241312, -0.45213316534983644], [0.35000000000000003, -0.505765141370876, -0.052341830831579686, 0.8610818512255668, 0.0029036584637279032, 0.9980486845397639, 0.06237300735675564, -0.8626663263002544, 0.034046380488947224, -0.5046262512335026], [0.36, -0.5565330481657002, -0.054619474054962425, 0.8290281535294659, 0.000656431567280475, 0.9978074877550316, 0.06617995518819728, -0.8308252135004774, 0.03737553243866376, -0.5552769886983742], [0.37, -0.6052878349395038, -0.05681897371971799, 0.7939762219936494, -0.0017636122691609517, 0.9975424697740005, 0.0700422062800303, -0.7960047277106054, 0.04099542918726732, -0.603900528431413], [0.38, -0.6518537800086913, -0.05891657957563497, 0.7560525683652773, -0.00435663818379416, 0.9972519733616041, 0.07395621219590513, -0.7583321628312755, 0.044914788986904014, -0.6503191466796481], [0.39, -0.6960631535618813, -0.06088700402046733, 0.7153941983185732, -0.00712249652505886, 0.9969342685844412, 0.07791876640597761, -0.7179452320962323, 0.0491409895747977, -0.6943628783617902], [0.4, -0.7377568390317594, -0.06270345411605141, 0.6721481408867999, -0.010060738394821009, 0.9965875489681081, 0.08192703325818683, -0.6749915762427084, 0.05367992247994881, -0.7358701229957153], [0.41000000000000003, -0.7767849251140113, -0.06433767330239833, 0.6264709441820593, -0.013170632682582558, 0.9962099270924825, 0.0859785763538699, -0.6296282351872948, 0.05853584330247247, -0.7746882214791366], [0.42, -0.8130072663979632, -0.06575999353966552, 0.5785281393583707, -0.01645118453706434, 0.9957994295568002, 0.09007138622982647, -0.5820210849334607, 0.06371121831905482, -0.8106740018952519], [0.43, -0.8462940106826617, -0.06693939862644205, 0.5284936748825836, -0.019901155214456123, 0.995353991239726, 0.094203907249064, -0.5323442415397183, 0.06920656783420498, -0.8436942926586766], [0.44, -0.8765260911661631, -0.06784359945844555, 0.4765493232764782, -0.02351908323542831, 0.9948714487725376, 0.09837506360240346, -0.48077943407191653, 0.07502030676779413, -0.873626401469034], [0.45, -0.9035956818140787, -0.06843912200419432, 0.4228840625811186, -0.02730330677562831, 0.9943495331360882, 0.10258428432282214, -0.4275153485489525, 0.08114858304495949, -0.90035855869966], [0.46, -0.9274066143351559, -0.06869140878313193, 0.36769343487033257, -0.0312519872068021, 0.9937858612843863, 0.10683152721377596, -0.37274694496800465, 0.08758511443499141, -0.9237903240164297], [0.47000000000000003, -0.9478747553159724, -0.0685649346366447, 0.3111788842032353, -0.03536313369784217, 0.9931779266894063, 0.11111730159166683, -0.31667474956296476, 0.09432102457150021, -0.9438329551960074], [0.48, -0.9649283421928908, -0.06802333758299776, 0.25354707645518865, -0.039634628776918875, 0.9925230886932066, 0.11544268974100276, -0.2595041245079152, 0.101344678977197, -0.9604097382932004], [0.49, -0.9785082768662434, -0.0670295655429377, 0.19500920350161569, -0.04406425474733849, 0.9918185605445813, 0.1198093669785087, -0.201444517326164, 0.10864152201324472, -0.9734562784926857], [0.5, -0.9885683758883935, -0.0655460397130248, 0.1357802742488337, -0.04864972084081668, 0.9910613959883795, 0.12421962021935692, -0.14270869230450023, 0.11619391577560864, -0.9829207511703252], [0.51, -0.995075576281138, -0.06353483533982104, 0.07607839500922643, -0.053388690971218886, 0.9902484742601428, 0.12867636497009088, -0.08351194624254517, 0.12398098210563653, -0.9887641128757562], [0.52, -0.9980100961735269, -0.06095788066189408, 0.01612404170814232, -0.05827881199893214, 0.9893764833635836, 0.1331831604940713, -0.02407131088638003, 0.1319784488180048, -0.9909602721804203], [0.53, -0.9973655495319294, -0.05777717469333629, -0.043860673631625935, -0.06331774228789494, 0.9884419014180823, 0.13774422322791444, 0.03539525559348354, 0.14015850172413194, -0.9894962204455409], [0.54, -0.9931490144364312, -0.05395502453966405, -0.10365273971757549, -0.0685031804465278, 0.9874409759613999, 0.14236443819015437, 0.09466968571166617, 0.14848964381199142, -0.9843721228722052], [0.55, -0.9853810543998188, -0.04945430286381484, -0.16302898379807984, -0.0738328940680303, 0.9863697009969176, 0.147049368270896, 0.15353462600833573, 0.1569365632463788, -0.9756013703008904], [0.56, -0.974095692368844, -0.044238726067420756, -0.22176680821180816, -0.07930474828605905, 0.9852237916105488, 0.15180526125229382, 0.21177426427166735, 0.1654600119682217, -0.9632105924623797], [0.5700000000000001, -0.9593403371291845, -0.03827315368114183, -0.27964492354446724, -0.08491673394615828, 0.9839986559616943, 0.15663905439425044, 0.2691751583129628, 0.1740166968221937, -0.9472396335533647], [0.58, -0.9411756619233286, -0.03152390937373608, -0.3364440763945288, -0.09066699517706675, 0.98268936444805, 0.16155837640381268, 0.32552706398813114, 0.18255918530293327, -0.9277414911885654], [0.59, -0.919675435166371, -0.023959123889764067, -0.3919477699055253, -0.09655385612809533, 0.9812906158391825, 0.16657154658790427, 0.38062376018619065, 0.19103582817975853, -0.9047822199476139], [0.6, -0.8949263032092027, -0.01554910010833905, -0.4459429754015636, -0.10257584661908195, 0.9797967001708161, 0.17168757096722836, 0.43426386853450893, 0.19939070143833026, -0.8784408008882796], [0.61, -0.867027525150876, -0.006266700277658653, -0.49822083366532294, -0.10873172642780338, 0.9782014581913271, 0.17691613510413046, 0.48625166559978866, 0.20756357016534382, -0.8488089785348879], [0.62, -0.8360906597411333, 0.003912244680661842, -0.5485773446241653, -0.11502050791597525, 0.9764982371546077, 0.18226759336865114, 0.5363978853911457, 0.2154898771989244, -0.8159910669685085], [0.63, -0.8022392044395589, 0.015008504090451368, -0.5968140444600473, -0.1214414766689288, 0.9746798427600142, 0.18775295433465977, 0.5845205099945273, 0.2231007595726418, -0.7801037267398846], [0.64, -0.765608186709048, 0.02703899517307242, -0.6427386694323123, -0.12799420979555876, 0.9727384870514441, 0.1933838619616004, 0.6304455461833314, 0.2303230959943084, -0.7412757143928989], [0.65, -0.7263437076181324, 0.040016310194034524, -0.6861658059983713, -0.1346785915040558, 0.9706657321047006, 0.19917257217680343, 0.6740077858551958, 0.2370795888209171, -0.6996476064208869], [0.66, -0.6846024378093089, 0.05394822415566551, -0.7269175271344629, -0.14149482553517956, 0.9684524293564256, 0.20513192442837241, 0.715051548135938, 0.2432888842166211, -0.6553714994751534], [0.67, -0.6405510658595112, 0.06883718442188136, -0.7648240150951573, -0.14844344399835066, 0.9660886544603304, 0.21127530772928038, 0.7534314009644927, 0.2488657344092623, -0.6086106885988658], [0.68, -0.5943656990154574, 0.08467978404574564, -0.7997241712033485, -0.15552531211668896, 0.9635636375988721, 0.2176166206595581, 0.7890128599230326, 0.2537212061894816, -0.5595393251639078], [0.6900000000000001, -0.5462312162326085, 0.10146622101173544, -0.8314662136284199, -0.1627416283454334, 0.9608656892326023, 0.22417022473551423, 0.8216730619993942, 0.257762940020655, -0.5083420560364705], [0.7000000000000001, -0.49634057338464016, 0.11917974610939722, -0.8599082644842642, -0.17009391928422732, 0.9579821213372254, 0.2309508904931807, 0.8513014118592606, 0.2608954643422572, -0.45521364528197156], [0.71, -0.4448940604443136, 0.1377961027307972, -0.884918927954598, -0.1775840287579835, 0.9548991642621286, 0.23797373556826004, 0.8778001980577329, 0.26302056984660355, -0.40035857943362824], [0.72, -0.39209851037132293, 0.15728296253859764, -0.9063778615226298, -0.1852141003941153, 0.9516018794462556, 0.24525415398768732, 0.9010851764280955, 0.26403774868018354, -0.3439906569837502], [0.73, -0.33816645938438855, 0.17759936169259777, -0.9241763427357466, -0.19298655297676254, 0.9480740683503627, 0.2528077358198332, 0.9210861176438312, 0.2638447036546028, -0.28633256230446597], [0.74, -0.283315258251422, 0.1986951431579117, -0.9382178342613071, -0.2009040478125012, 0.9442981781117352, 0.2606501762631294, 0.9377473156522885, 0.262337932634427, -0.22761542365712517], [0.75, -0.2277661342128294, 0.22051041155482368, -0.9484185502721209, -0.20896944729855396, 0.9402552046014058, 0.26879717318884033, 0.9510280533191889, 0.25941339328280033, -0.16807835429948406], [0.76, -0.17174320317078898, 0.2429750080549362, -0.9547080274219975, -0.21718576384582458, 0.9359245937677874, 0.27726431209582014, 0.9609030211972505, 0.25496725326983916, -0.1079679749402149], [0.77, -0.1154724318459375, 0.2660080139849569, -0.9570297038118097, -0.22555609827782572, 0.931284142387469, 0.28606693738717154, 0.967362684835437, 0.24889673085874606, -0.04753791491598877], [0.78, -0.05918054973914604, 0.28951729307023444, -0.9553415093801478, -0.2340835668060588, 0.9263098996165054, 0.2952200088454302, 0.9704135954750472, 0.2411010304511917, 0.012951711525804814], [0.79, -0.0030939109364589157, 0.313399083612987, -0.9496164709771086, -0.2427712156636495, 0.920976070974723, 0.3047379421445846, 0.9700786382586061, 0.23148237714319067, 0.0732348585840554], [0.8, 0.05256269374935357, 0.3375376535374407, -0.9398433356224409, -0.25162192259346683, 0.9152549272448698, 0.31463443242598416, 0.9663972118853845, 0.21994715374855947, 0.13304013778453666], [0.81, 0.10756727359991161, 0.36180503235110983, -0.9260272134553935, -0.26063828409943013, 0.9091167196717237, 0.32492225950109355, 0.9594253313084105, 0.20640714237400712, 0.19209144974467204], [0.8200000000000001, 0.16170192215413975, 0.38606083651546996, -0.9081902436867592, -0.26982248801984643, 0.9025296057457872, 0.3356130741766723, 0.9492356468114854, 0.1907808719670615, 0.25010866750484945], [0.8300000000000001, 0.21475414643747137, 0.4101522056029077, -0.88637228334336, -0.27917617048551974, 0.8954595878702025, 0.3467171645256485, 0.9359173693618961, 0.1729950709781517, 0.30680838156137635], [0.84, 0.2665182378804149, 0.4339138687861665, -0.8606316187613207, -0.2887002568593164, 0.8878704691766722, 0.3582432016283795, 0.9195760927873639, 0.15298622257774896, 0.36190471830981713], [0.85, 0.31679668024663477, 0.45716836265723415, -0.8310456975634649, -0.2983947863421925, 0.8797238307970682, 0.37019796444640196, 0.9003335019520488, 0.13070221720294517, 0.4151102450551244], [0.86, 0.36540158829250086, 0.4797264228632022, -0.7977118767824057, -0.3082587202313638, 0.8709790355053836, 0.3825860439050905, 0.8783269553840151, 0.1061040941552312, 0.46613697614419997], [0.87, 0.4121561689650126, 0.5013875732673717, -0.7607481801810568, -0.3182897341757845, 0.8615932631793477, 0.39540952676171237, 0.8537089301360518, 0.07916786032645334, 0.514697496000261], [0.88, 0.45689619469126086, 0.5219409371959931, -0.7202940547168433, -0.3284839952204446, 0.8515215840392472, 0.4086676604578874, 0.8266463161869635, 0.04988636987270731, 0.5605062157909251], [0.89, 0.4994714757082268, 0.5411662956679687, -0.6765111124774739, -0.3388359249729542, 0.8407170760743012, 0.42235650091297805, 0.7973195474966253, 0.018271243765562134, 0.6032807810213172], [0.9, 0.539747315429246, 0.5588354171557175, -0.6295838402882349, -0.349337950870576, 0.8291309934289264, 0.43646854611744135, 0.7659215570156211, -0.015645197369200975, 0.6427436473671364], [0.91, 0.5776059295647544, 0.5747136821960809, -0.579720254584031, -0.3599802482772706, 0.8167129927490837, 0.45099235943836724, 0.7326565436332266, -0.05180801982485819, 0.6786238413878165], [0.92, 0.61294780615732, 0.5885620238474245, -0.5271524741207132, -0.3707504769981808, 0.8034114245321976, 0.465912187753018, 0.697738540352034, -0.09013782211594532, 0.7106589212073852], [0.93, 0.6456929799334991, 0.6001392013470874, -0.4721371777813289, -0.38163351675702056, 0.7891736963254335, 0.48120758087125093, 0.6613897750377663, -0.1305289853127368, 0.7385971496295937], [0.9400000000000001, 0.6757821905347936, 0.6092044191344534, -0.41495590927938686, -0.3926112072260237, 0.773946714113336, 0.49685302017450605, 0.6238388180446564, -0.1728480818610869, 0.7621998882710643], [0.9500000000000001, 0.7031778904280903, 0.615520296454799, -0.35591518520101445, -0.40366209930482055, 0.7576774073608408, 0.5128175659541655, 0.5853185149893186, -0.2169325033703481, 0.7812442159680595], [0.96, 0.7278650648218092, 0.6188561838665809, -0.29534635785728236, -0.41476122547869765, 0.7403133418653483, 0.5290645345258884, 0.5460637080495995, -0.2625893743923745, 0.7955257677818293], [0.97, 0.7498518229832185, 0.6189918120173465, -0.2336051802170975, -0.42587989818656796, 0.7218034227577057, 0.5455512177751013, 0.5063087554935023, -0.30959482481265654, 0.8048617822706443], [0.98, 0.7691697183087992, 0.6157212449965681, -0.1710710171148025, -0.4369855462283359, 0.7020986876521581, 0.5622286591634177, 0.4662848666044607, -0.3576936975361012, 0.8090943343755824], [0.99, 0.7858737535806121, 0.6088570955047203, -0.10814564571318039, -0.4480415999714993, 0.6811531869738464, 0.5790415015958673, 0.4262172780732193, -0.4065997702028047, 0.8080937190344496], [1.0, 0.8000420286330671, 0.5982349422371482, -0.04525158900218618, -0.45900743688056816, 0.6589249450125053, 0.5959279232664115, 0.3863223075477755, -0.45599656876647965, 0.801761937213397], [1.01, 0.8117749903343201, 0.5837178717145775, 0.017170070142695698, -0.46983839909681707, 0.6353769911808071, 0.6128196780555855, 0.3468043307137918, -0.5055388464984816, 0.7900362212450327], [1.02, 0.8211942498472301, 0.5652010479272316, 0.07866243982840812, -0.48048589462421004, 0.610478446434532, 0.6296422567664963, 0.3078527392845015, -0.5548547934917687, 0.7728925210235827], [1.03, 0.8284409398654475, 0.5426161945006525, 0.13875616966610713, -0.4908975929381904, 0.5842056449762085, 0.646315184430436, 0.26963894822942425, -0.6035490285332981, 0.7503488573684693], [1.04, 0.8336735951259949, 0.5159358567351994, 0.19697342085804165, -0.5010177244382085, 0.556543266401135, 0.6627524669303159, 0.23231353079053046, -0.651206406877555, 0.7224684346413802], [1.05, 0.8370655530522004, 0.4851772961361948, 0.2528324567916033, -0.5107874910429996, 0.5274854486217646, 0.6788631971805412, 0.19600356855757617, -0.6973966538535727, 0.6893623925820356], [1.06, 0.8388018877473346, 0.4504058593972219, 0.30585283214652004, -0.520145592340519, 0.4970368475405779, 0.6945523270103875, 0.16081031024199888, -0.741679805581535, 0.6511920685268654], [1.07, 0.8390759093676126, 0.4117376587433981, 0.3555611321437029, -0.5290288680602098, 0.4652136058955099, 0.709721605736026, 0.12680723590450133, -0.7836124049950302, 0.6081706369597746], [1.08, 0.8380852815107617, 0.36934140254018155, 0.40149718465336814, -0.5373730533006574, 0.43204419136215055, 0.7242706802684036, 0.09403862239132374, -0.8227543649715745, 0.5605639949362293], [1.09, 0.8360278307406769, 0.32343922537125647, 0.443220637739484, -0.5451136380545402, 0.39757006324433614, 0.7380983446795919, 0.0625186998736949, -0.8586763722748236, 0.5086907703732856], [1.1, 0.8330971435458803, 0.27430638625593906, 0.48031776552073685, -0.5521868173297859, 0.3618461282584931, 0.7511039197284693, 0.03223147813593913, -0.8909676682817828, 0.45292134625520436], [1.11, 0.8294780655060945, 0.22226973264219257, 0.5124083379448303, -0.5585305128432396, 0.3249409492736327, 0.7631887353126787, 0.0031313044059647077, -0.9192440075607056, 0.39367581776939065], [1.12, 0.8253422337015496, 0.1677048659226745, 0.5391523673455931, -0.5640854421891444, 0.2869366765405543, 0.7742576816319626, -0.02485580774742796, -0.9431555659601876, 0.33142083099814934], [1.1300000000000001, 0.8208437849257686, 0.11103199034427672, 0.5602565286267556, -0.5687962069233481, 0.2479286789024973, 0.7842207885329551, -0.051830065968759165, -0.9623945486638141, 0.2666652901369491], [1.1400000000000001, 0.8161153876788118, 0.052710479371915364, 0.5754800425368644, -0.5726123675266115, 0.20802486251092053, 0.792994787582407, -0.07791502133361164, -0.9767022381164492, 0.1999549637015479], [1.1500000000000001, 0.8112647441455271, -0.006767750873219569, 0.5846398142913316, -0.5754894710609378, 0.16734467626468486, 0.8005046083714084, -0.10325397621635063, -0.9858752237854332, 0.13186606660368483], [1.16, 0.8063716987664742, -0.06688591585233544, 0.5876146336568225, -0.5773899967905927, 0.12601781595471856, 0.8066847597833611, -0.12800576171878722, -0.9897705715574563, 0.06299794158697632], [1.17, 0.8014860725157109, -0.1271108872350654, 0.5843482676528196, -0.5782841862928456, 0.08418265218894413, 0.8114805487214422, -0.15233999949507082, -0.9883097203892847, -0.006034992716820925], [1.18, 0.7966263171484829, -0.186902325881065, 0.5748513124332548, -0.5781507276579446, 0.041984419745704916, 0.8148490931496138, -0.17643198954434688, -0.9814809366861931, -0.07461182202948016], [1.19, 0.7917790527006351, -0.24572214708318055, 0.5592017150698413, -0.5769772682433311, -0.00042678278031246103, 0.8167600931648517, -0.2004573860816394, -0.9693402108078596, -0.14211401083646308], [1.2, 0.7868995160875015, -0.30304402134428643, 0.5375439263061391, -0.574760736781182, -0.04289812514531112, 0.8171963327827962, -0.22458683629253304, -0.9520105419512861, -0.20793431890289313], [1.21, 0.7819129110257321, -0.3583626085262165, 0.5100866988871297, -0.5715074631545617, -0.08527624533485229, 0.8161538957453094, -0.2489807605617768, -0.9296796237370666, -0.2714855025193857], [1.22, 0.7767166120381345, -0.4112022335887823, 0.47709959932460677, -0.5672330923334946, -0.1274094501337503, 0.8136420902205701, -0.27378444723154927, -0.9025960088036693, -0.33220855098251617], [1.23, 0.7711831404549591, -0.46112473769832424, 0.43890835052514876, -0.5619622972927877, -0.16914984993201884, 0.8096830890474471, -0.29912362043053, -0.8710638923469709, -0.3895802294135382], [1.24, 0.765163800295909, -0.5077362774044792, 0.3958891654540017, -0.5557283036754964, -0.21035536528292806, 0.8043113034082906, -0.3251006170562884, -0.8354367078982284, -0.4431197308690879], [1.25, 0.7584928384950921, -0.5506928940339342, 0.3484622654051525, -0.5485722460244171, -0.25089154976727884, 0.7975725177977249, -0.35179128022520295, -0.7961097705184919, -0.49239428148751846], [1.26, 0.7509919783322353, -0.5897047318937919, 0.29708479877421723, -0.5405423811696376, -0.2906331832594643, 0.7895228223097415, -0.37924264348844583, -0.7535122308035567, -0.5370235892298904], [1.27, 0.7424751677138782, -0.6245388434113753, 0.2422433866974456, -0.5316931885359973, -0.3294656010013578, 0.7802273841780079, -0.4074714451255339, -0.7080986165974439, -0.5766830763774097], [1.28, 0.7327533850137056, -0.655020578121049, 0.1844465206745541, -0.5220843895888336, -0.36728573618134197, 0.7697591039704633, -0.4364634771646272, -0.6603402382376241, -0.611105885150574], [1.29, 0.7216393537864638, -0.6810336068670764, 0.12421702533996076, -0.5117799193153665, -0.4040028661246596, 0.7581972028098299, -0.46617374148727536, -0.6107167186844599, -0.6400836916115533], [1.3, 0.7089520326686882, -0.7025186799241161, 0.0620847785906575, -0.5008468817136587, -0.4395390640207972, 0.7456257856843904, -0.4965273572046942, -0.5597078841301393, -0.6634664030604134], [1.31, 0.6945207665907193, -0.7194712558247891, -0.0014201465350618392, -0.48935451890642745, -0.4738293686769469, 0.7321324225883631, -0.5274211406458211, -0.5077862162575383, -0.6811608466278388], [1.32, 0.6781890083915733, -0.7319381653927883, -0.06577378610307846, -0.4773732200357823, -0.506821693641716, 0.7178067843416157, -0.5587257625074782, -0.45541002722340373, -0.6931285807228377], [1.33, 0.6598175443475505, -0.7400134925032156, -0.1304639378694266, -0.4649735918513676, -0.5384765038941965, 0.7027393639428184, -0.5902883761790012, -0.40301747563488177, -0.6993829761160058], [1.34, 0.6392871814491966, -0.7438338599044501, -0.19499509864204523, -0.4522256082214582, -0.5687662930283984, 0.6870203076936652, -0.6219356067178549, -0.3510214990202352, -0.6999857200844265], [1.35, 0.61650087718128, -0.7435733061192152, -0.25889265508972126, -0.4391978509965694, -0.597674896523745, 0.6707383735429777, -0.653476790798618, -0.29980569789452594, -0.695042896082874], [1.36, 0.5913853130554418, -0.7394379295075, -0.3217063255592091, -0.4259568499870534, -0.6251966774743922, 0.6539800275397689, -0.6847073633664628, -0.2497211702628984, -0.6847007840444645], [1.37, 0.5638919305665976, -0.7316604597270492, -0.3830128748598396, -0.4125665255703802, -0.651335620244795, 0.6368286832215033, -0.7154122955437521, -0.20108426459286186, -0.6691415141152787], [1.3800000000000001, 0.5339974621946266, -0.7204948969344598, -0.4424181436736536, -0.399087733672673, -0.676104365384542, 0.6193640835005826, -0.7453694997732663, -0.15417519447015163, -0.6485786908374209], [1.3900000000000001, 0.5017040004648908, -0.7062113367281423, -0.4995584488114839, -0.38557790974557726, -0.6995232159454051, 0.6016618201734181, -0.7743531309541642, -0.1092374396203491, -0.6232530869168916], [1.4000000000000001, 0.46703865509633535, -0.689091075673003, -0.5541014203652949, -0.37209080590303534, -0.7216191415626542, 0.5837929827173456, -0.8021367257428395, -0.06647784544800578, -0.593428487061714], [1.41, 0.430052852174265, -0.669422069456001, -0.6057463472692508, -0.35867631357040086, -0.7424248025212519, 0.5658239254864031, -0.8284961354094191, -0.026067326187012574, -0.5593877439532731], [1.42, 0.3908213305325452, -0.6474947943101883, -0.6542241044927815, -0.3453803628015205, -0.7619776118103139, 0.5478161407336813, -0.8532122201124788, 0.011857925554727977, -0.5214290910657722], [1.43, 0.3494408895909016, -0.6235985429974242, -0.699296733725436, -0.3322448887654529, -0.7803188490776927, 0.5298262239724938, -0.8760732837593014, 0.04719481847839793, -0.4798627413517744], [1.44, 0.3060289402610769, -0.59801816978701, -0.7407567456732114, -0.31930785571159953, -0.7974928365865646, 0.5119059179254182, -0.8968772384984649, 0.07987142249139839, -0.43500778713220506], [1.45, 0.26072190668209877, -0.5710312847107871, -0.7784262066359755, -0.3066033289019666, -0.8135461838528115, 0.4941022215744788, -0.9154334962204294, 0.10984479295875094, -0.3871894050430172], [1.46, 0.21367352189567118, -0.5429058859324777, -0.8121556654777256, -0.29416158546491833, -0.8285271046670417, 0.47645755149416014, -0.9315645912036703, 0.1370986351460737, -0.33673636062002293], [1.47, 0.1650530554938019, -0.5138984102185231, -0.841822969953472, -0.2820092557950582, -0.8424848077029163, 0.45900994360683234, -0.9451075433051664, 0.16164087558196572, -0.2839787999534793], [1.48, 0.1150435060621125, -0.4842521750207267, -0.8673320140424096, -0.27016948792687556, -0.8554689598795553, 0.4417932846458309, -0.9559149749786834, 0.18350119768687553, -0.2292463106381773], [1.49, 0.0638397861376005, -0.4541961812995068, -0.8886114507872169, -0.2586621281846595, -0.8675292200547877, 0.42483756385873656, -0.9638559980724297, 0.20272858978296276, -0.17286623075581575], [1.5, 0.011646922570596796, -0.42394424362371386, -0.9056133983962416, -0.24750391230848034, -0.8787148394379455, 0.4081691367624209, -0.9688168879868211, 0.2193889448256246, -0.1151621826020523], [1.51, -0.04132170925597156, -0.39369441296746044, -0.9183121611938261, -0.23670866213748695, -0.8890743242776844, 0.391810994017988, -0.9707015635443006, 0.23356274309591732, -0.0564528070538971], [1.52, -0.09484610287094652, -0.3636286576879701, -0.9267029815030164, -0.22628748376928848, -0.898655155850206, 0.37578302968807276, -0.9694318910103478, 0.24534284179537016, 0.0029493253828840604], [1.53, -0.1487012788228007, -0.3339127691375504, -0.9308008337598697, -0.21624896388855153, -0.907503562494438, 0.3601023042438685, -0.9649478302676802, 0.2548323890550584, 0.06273864992888922], [1.54, -0.20265887543129568, -0.3046964599956017, -0.9306392680939082, -0.2065993616574048, -0.9156643383641265, 0.34478329868807917, -0.9572074403257473, 0.2621428743216742, 0.12261741096066048], [1.55, -0.2564886666631941, -0.2761136254959694, -0.9262693072389213, -0.1973427941790406, -0.9231807036475215, 0.32983815704453995, -0.9461867602661794, 0.26739232238866045, 0.18229635341567568], [1.56, -0.3099600036644955, -0.24828274009888487, -0.9177583979153816, -0.18848141408290606, -0.9300942012037344, 0.31527691523390644, -0.9318795804826536, 0.27070363444750667, 0.24149532008570407], [1.57, -0.3628431781280814, -0.22130736467633455, -0.90518941569021, -0.18001557823735126, -0.9364446248468421, 0.3011077150107314, -0.9142971177519046, 0.2722030763733717, 0.2999437706222401], [1.58, -0.4149107069629942, -0.19527674183651808, -0.8886597207048476, -0.1719440069782451, -0.9422699748460932, 0.28733700218705516, -0.8934676063348738, 0.2720189119515266, 0.3573812359777358], [1.59, -0.46593853870803026, -0.1702664595251181, -0.8682802604995353, -0.1642639335560176, -0.9476064365798382, 0.27396970881997096, -0.8694358160008501, 0.27028017681468386, 0.4135577199638445], [1.6, -0.5157071828451057, -0.14633916544928263, -0.8441747153830321, -0.15697124375590363, -0.9524883786639171, 0.2610094194054277, -0.8422625066273226, 0.2671155874153383, 0.46823405767208925], [1.61, -0.5640027636612913, -0.12354531713415905, -0.8164786813386538, -0.15006060584411157, -0.956948367257742, 0.24845852140810365, -0.8120238278769811, 0.26265257832510036, 0.5211822387064369], [1.62, -0.6106180006712953, -0.10192395452851262, -0.7853388852910402, -0.14352559114421629, -0.961017193673692, 0.2363183406994869, -0.7788106714366511, 0.2570164604797234, 0.5721857015861036], [1.6300000000000001, -0.6553531174790939, -0.08150348391883849, -0.7509124273310777, -0.1373587856379532, -0.9647239124096734, 0.22458926250772981, -0.7427279821167547, 0.250329692475325, 0.6210396039277281], [1.6400000000000001, -0.6980166818690509, -0.062302463811307995, -0.7133660454747416, -0.13155189316429822, -0.9680958881529622, 0.21327083895114854, -0.7038940340975476, 0.24271125714535438, 0.6675510725161876], [1.6500000000000001, -0.7384263785743959, -0.044330384729880296, -0.6728753973923208, -0.12609583061887195, -0.9711588487471747, 0.20236188376586334, -0.6624396764436061, 0.23427613512782908, 0.7115394350164489], [1.6600000000000001, -0.7764097173511669, -0.027588436474646982, -0.6296243554502763, -0.12098081583965806, -0.9739369432804734, 0.19186055538559565, -0.6185075529062376, 0.22513486777259278, 0.7528364352975787], [1.67, -0.8118046781316017, -0.012070257453993816, -0.5838043109203434, -0.11619644870557946, -0.9764528035526056, 0.18176442925667408, -0.5722512995812191, 0.2153932016563827, 0.791286432847395], [1.68, -0.844460295131843, 0.0022373382062767233, -0.5356134840200015, -0.11173178602736779, -0.9787276077886056, 0.17207056036399931, -0.5238347238752201, 0.20515180737833377, 0.8267465863203958], [1.69, -0.8742371815977938, 0.015353659171737317, -0.4852562369123628, -0.1075754107855148, -0.9807811456069849, 0.16277553691062163, -0.47343096783653343, 0.19450606564385475, 0.8590870206920105], [1.7, -0.9010079966919771, 0.027303463661821313, -0.4329423873170199, -0.10371549625845711, -0.9826318834090981, 0.15387552602780316, -0.4212216586306488, 0.18354591400120776, 0.8881909770541969], [1.71, -0.9246578560279041, 0.03811631631399474, -0.37888652086078684, -0.1001398654963907, -0.9842970296068353, 0.14536631253143112, -0.36739604869636905, 0.1723557481236771, 0.9139549438919202], [1.72, -0.9450846867832708, 0.04782597666136039, -0.32330730078944847, -0.09683604666048563, -0.985792598905028, 0.13724333131647526, -0.31215014793291407, 0.1610143716568883, 0.9362887680865355], [1.73, -0.9621995288796124, 0.056469820020107045, -0.266426774247123, -0.09379132464465521, -0.987133475557666, 0.12950169435116546, -0.2556858502737913, 0.14959498937236668, 0.9551157443521852], [1.74, -0.9759267829601833, 0.0640882912830317, -0.2084696745595695, -0.09099278935562274, -0.9883334749814002, 0.12213621291835434, -0.1982100566970173, 0.1381652385413046, 0.9703726811243987], [1.75, -0.9862044061888917, 0.07072439175830612, -0.1496627195309784, -0.08842738101986912, -0.9894054035875363, 0.11514141579434625, -0.13993379682177406, 0.12678725391606713, 0.98200994126579], [1.76, -0.9929840566996713, 0.07642319890368666, -0.09023390607766245, -0.08608193283472489, -0.9903611166227129, 0.10851156398141137, -0.08107135114294554, 0.11551776204368558, 0.9899914558584414], [1.77, -0.9962311874995817, 0.08123141855586777, -0.030411801863188127, -0.08394321123264786, -0.9912115738827686, 0.10224066259951096, -0.021839375932371584, 0.10440820102002236, 0.9942947094391272], [1.78, -0.9959250905876199, 0.08519696913911208, 0.029575165046613144, -0.08199795406653672, -0.9919668932194781, 0.09632247030357358, 0.03754396711759904, 0.09350486193770816, 0.9949106951516135], [1.79, -0.9920588920836427, 0.08836859701246084, 0.08949941731540176, -0.08023290684976932, -0.9926364017858781, 0.09075050692967432, 0.0968598745414394, 0.08284904894810755, 0.9918438384101514], [1.8, -0.9846394991099088, 0.09079552216216998, 0.14913493872278183, -0.0786348572921824, -0.9932286849937774, 0.08551805963731257, 0.1558897559533246, 0.07247725478239186, 0.985111887821877], [1.81, -0.9736874992505566, 0.0925271132541343, 0.20825798211835586, -0.07719066827997963, -0.9937516332054849, 0.08061818797192878, 0.21441607806702132, 0.06242134902614409, 0.9747457723181306], [1.82, -0.9592370134237826, 0.09361259099917714, 0.2666477730718933, -0.07588730943279749, -0.9942124861769389, 0.0760437281889719, 0.2722231958243639, 0.05270877665292731, 0.9607894236089816], [1.83, -0.9413355030671036, 0.09410075872458301, 0.3240872072032858, -0.07471188734845399, -0.9946178752956049, 0.07178729714408645, 0.32909816856707, 0.04336276455531008, 0.9432995632861736], [1.84, -0.9200435326009065, 0.09403975900078507, 0.380363539060064, -0.07365167462427458, -0.9949738636665574, 0.06784129601843382, 0.384831559184356, 0.03440253402723466, 0.9223454541050334], [1.85, -0.8954344882122209, 0.09347685514144781, 0.4352690603212891, -0.07269413772448431, -0.995285984108962, 0.06419791411521042, 0.4392182141721891, 0.025843517351842964, 0.8980086151871113], [1.86, -0.8675942540859642, 0.0924582363761341, 0.48860176504311675, -0.07182696374574671, -0.9955592751315251, 0.060849132932806624, 0.4920580225502897, 0.017697576834756108, 0.8703825010982766], [1.87, -0.8366208473031933, 0.09102884548558868, 0.5401659996216767, -0.07103808611742712, -0.9957983149598018, 0.05778673069165471, 0.5431566516010803, 0.009973224795302653, 0.839572144969521], [1.8800000000000001, -0.8026240127236454, 0.08923222768895817, 0.589773095131611, -0.07031570925946193, -0.996007253690935, 0.05500228746553115, 0.5923262574213582, 0.0026758431882366526, 0.8056937660380025], [1.8900000000000001, -0.7657247792716314, 0.08711039957877334, 0.6372419797021556, -0.06964833220872513, -0.9961898436527854, 0.05248719104378462, 0.6393861683130462, -0.004192098323051299, 0.7688743421923347], [1.9000000000000001, -0.7260549791487149, 0.08470373691220172, 0.6823997686155647, -0.06902477121439192, -0.9963494680447206, 0.05023264362853736, 0.6841635390842373, -0.010630826883140244, 0.7292511483073719], [1.9100000000000001, -0.6837567316023141, 0.08205088008506008, 0.7250823298535966, -0.06843418129390656, -0.9964891679368548, 0.04822966945023661, 0.7264939743860822, -0.01664305446465434, 0.6869712613486336], [1.92, -0.6389818929851319, 0.07918865613760406, 0.7651348228752963, -0.06786607673366393, -0.9966116677033932, 0.04646912336589887, 0.7662221192748688, -0.022233770187149848, 0.6421910334140045], [1.93, -0.5918914749449946, 0.07615201616754734, 0.8024122084821677, -0.06731035051231397, -0.9967193989641365, 0.04494170048688674, 0.8032022152618365, -0.027410037620572716, 0.5950755340595768], [1.94, -0.5426550326871984, 0.07297398705554844, 0.8367797277137299, -0.06675729261960106, -0.9968145231062432, 0.043637946866981754, 0.8372986201956554, -0.032180797657628275, 0.5457979634267263], [1.95, -0.4914500253508089, 0.06968563644106567, 0.8681133478162284, -0.06619760723976521, -0.9968989524561382, 0.04254827126677393, 0.8683862904137916, -0.036556677445643455, 0.49453903784809156], [1.96, -0.43846115063562147, 0.0663160499215948, 0.8963001734387332, -0.0656224287656731, -0.9969743701690947, 0.041662957996889925, 0.896351223698836, -0.040549805781939334, 0.44148634976051754], [1.97, -0.38387965590679785, 0.06289231948550282, 0.921238821332906, -0.06502333660793137, -0.9970422489015275, 0.04097218083024598, 0.9210908616838408, -0.04417363529695249, 0.38683370389277316], [1.98, -0.3279026280888111, 0.059439542227623904, 0.9428397569642785, -0.06439236876218782, -0.9971038683285258, 0.04046601796226633, 0.9425144504663489, -0.047442771675973536, 0.33078043182458094], [1.99, -0.2707322647385167, 0.055980828437190024, 0.9610255915829103, -0.06372203409757035, -0.9971603315666189, 0.04013446798778057, 0.960543358313546, -0.05037281010307047, 0.2735306871308925], [2.0, -0.21257512875830853, 0.05253731818926259, 0.975731338448814, -0.0630053233296842, -0.9972125805592496, 0.03996746685404965, 0.9751113494702828, -0.05298017904922352, 0.21529272343115013], [2.0100000000000002, -0.15364138927385984, 0.049128205613359566, 0.9869046270615278, -0.062235718642716, -0.9972614104799683, 0.039954905741004874, 0.9861648132169727, -0.05528199147063497, 0.1562781577573068], [2.02, -0.09414405125637548, 0.04577077005620791, 0.9945058744028301, -0.06140720192691975, -0.9973074832059438, 0.040086649812274555, 0.9936629474649754, -0.057295903432332485, 0.09670122173648787], [2.03